18
6
-5
9
34
0
49
12
-20
-13
0
9
62
-56
-11
0
50
31
-11
20
-32
10
-10
21
1
-13
-20
2
-12
-22
52
-12
-74
-7
2
-31
15
41
-51
-25
2
-28
33
-20
-3
53
-48
14
16
-13
-21
15
-49
-15
-1
-3
3
-40
53
-10
-26
-15
-46
-4
-1
11
1
-9
-28
17
-1
-20
-9
41
-61
-21
-17
28
25
7
60
-46
-17
31
52
47
21
-46
-1
21
-9
3
-15
-31
-11
21
20
31
5
-29
-37
40
-21
3
-29
57
23
-37
8
43
57
8
23
20
10
38
4
5
30
-49
-56
3
-11
1
21
-5
-19
-24
48
20
32
16
24
12
-13
49
-68
32
-22
34
-43
18
43
-29
-27
1
-24
13
-23
-25
-61
-23
-7
-24
-8
10
-42
27
-3
35
24
-18
-47
-11
-18
-15
39
14
17
0
31
-4
-34
-25
-75
73
49
-32
-12
-11
17
1
25
10
-18
-2
44
23
8
6
0
-9
16
25
-53
-9
-23
-47
-6
-36
24
8
-20
-38
-37
11
5
-35
51
-24
-63
50
-11
-40
5
8
-7
58
3
-12
-26
38
-26
13
-4
6
-41
-3
-3
18
4
44
-12
-4
-18
-30
19
-18
13
10
13
16
-37
-60
20
-25
19
13
-21
25
-4
47
-63
-40
37
-20
-8
-52
-17
-9
4
-8
-13
-4
13
-39
-22
-17
-42
5
-5
70
35
-38
35
26
-12
14
19
-5
-11
-76
-2
10
32
5
-46
1
-30
8
-22
7
29
-35
-42
-13
26
-15
26
-32
16
4
-10
13
-2
-7
-19
20
-18
13
42
0
40
16
-1
7
-12
-12
8
-37
27
54
1
28
22
7
43
1
1
-20
-6
19
-6
11
1
8
-3
-6
-12
-44
9
41
-24
14
20
3
50
-12
-20
-15
-58
-1
-18
-22
-2
-29
-6
-25
46
-16
37
34
8
15
-6
23
9
48
22
-3
-19
21
2
2
-34
-27
2
-40
-57
30
-19
-2
-1
21
71
18
-34
-49
44
8
-8
-57
-29
24
-7
9
-8
0
-55
26
-25
-10
-2
0
-38
-8
7
11
11
0
-39
-33
39
-17
-14
-28
18
-22
28
-17
0
17
3
-10
12
34
-43
-5
47
34
-31
19
-38
9
-5
33
-22
29
22
11
3
-2
-10
-15
0
-37
11
7
-37
-18
-6
-8
16
-10
27
0
-73
-40
26
9
-25
23
44
13
-65
17
-36
-3
0
1
2
25
8
9
2
14
58
38
-15
-21
-25
0
3
-22
12
-22
13
-5
40
9
-42
-5
-49
25
-23
29
-33
-3
-9
49
14
6
-11
7
8
0
23
-26
-15
26
-14
6
-5
15
-20
-11
7
22
11
-37
-3
28
11
34
37
13
8
-47
43
6
3
-35
32
15
-28
64
-46
8
34
24
4
-22
-18
10
-27
-5
-36
32
-28
16
13
-68
-13
30
-20
9
8
-43
-41
9
24
-36
-12
-13
-3
-1
42
-67
15
45
-30
12
-20
-9
-19
45
-70
31
27
18
-46
10
13
-25
-19
62
45
-35
-5
-19
0
-21
19
49
-23
-40
14
-45
46
-51
-17
-14
-3
2
-32
46
4
-14
25
-1
-24
-18
22
56
18
-20
74
-32
35
-35
66
-8
-49
28
-22
4
52
-44
20
-25
16
-28
-17
8
-2
-2
-25
69
-42
7
14
-2
26
-15
22
-3
-27
-21
28
28
0
-1
-41
30
-18
46
25
-19
-33
-13
-35
-29
-1
4
35
55
-19
16
16
-5
38
16
83
24
46
10
-10
-16
-3
-4
-18
28
-18
-13
4
-26
-18
2
-16
8
13
21
13
-8
40
1
9
18
-14
3
-29
8
-32
-4
-3
34
-18
16
20
-58
9
-11
46
-21
22
30
-19
3
9
-8
-6
14
48
-9
-5
41
39
30
12
-33
24
33
-2
-9
-31
1
7
-32
13
-32
-11
-22
2
40
-7
29
1
58
3
19
-4
-21
-30
18
-53
-19
-2
34
-23
0
61
10
14
-49
33
55
-24
8
-12
-30
-19
-24
26
17
41
-16
-1
15
26
-12
14
42
5
-26
-3
20
-35
17
-47
-47
-30
17
35
74
-79
23
-10
-20
34
0
-42
23
2
-18
-6
-20
21
-33
-38
-1
-27
-21
29
-34
55
-18
-12
22
3
30
49
-8
75
-37
36
-3
16
21
-29
10
-34
26
-54
39
-2
-21
-17
-26
5
-3
1
-58
37
18
10
-42
-1
8
27
16
47
6
-24
13
-22
7
-32
-5
-31
48
0
-30
33
42
-2
24
35
15
-33
-21
-10
-10
1
-13
-26
-25
-23
3
-36
1
-3
21
37
-14
44
-35
-38
20
3
-49
45
5
-14
25
-21
39
-12
0
-1
-21
-9
-28
-46
5
-44
7
5
-6
3
1
0
-55
0
-4
-41
32
47
48
2
5
-9
5
2
-34
27
-12
-9
12
-19
3
-10
6
-14
34
-16
10
33
8
-21
-24
22
-27
-24
25
27
47
41
-45
-21
-12
35
-39
-6
-10
-16
38
-21
22
-4
-26
4
35
3
42
6
-41
-10
10
-12
-35
30
-10
-18
3
-8
-8
18
-43
18
4
10
8
-8
9
8
-21
23
28
-1
1
8
17
29
-5
8
3
0
60
15
14
10
34
-17
46
13
-24
-21
9
34
8
-33
-24
-16
-3
5
28
-68
13
-50
-41
-28
-14
50
20
7
-14
13
12
12
15
-12
-6
-43
-12
-1
34
28
20
32
-1
0
-45
-23
-27
-29
13
-10
-4
23
18
-8
-20
26
19
0
13
-61
-24
-1
-8
-12
12
7
17
-40
28
32
-5
18
-12
-55
4
6
3
-13
39
-4
18
54
-42
28
-1
9
-7
5
-4
-11
18
37
68
-17
-5
-19
-46
27
-22
-6
18
45
3
17
12
5
7
-38
30
17
-40
14
-19
22
-17
-5
-29
47
-11
-11
-9
-49
-28
-8
-1
-15
40
-26
60
8
5
7
2
-3
-23
5
-23
-45
56
1
10
31
-36
21
3
6
0
4
7
7
-15
40
-9
-37
16
12
-35
-1
-13
-8
12
-2
29
-65
-36
15
-23
27
56
-11
24
9
-42
-26
3
39
0
6
0
-41
32
-11
37
-15
-44
25
-19
-40
6
-38
22
-10
-26
17
29
-12
13
47
-2
12
6
-54
6
8
-20
6
-56
-26
-35
-8
-24
-11
30
65
-41
-19
50
45
-21
-26
37
-42
52
-60
4
-26
10
21
23
-25
15
70
0
40
5
63
-73
-39
-16
3
-6
55
-32
78
-27
10
-23
7
-52
26
14
22
-28
12
0
67
20
-7
41
15
-33
8
18
11
-3
19
15
14
-2
7
22
0
-2
19
-11
22
-8
-19
23
15
21
4
25
-5
1
36
-24
-9
-10
-7
17
-21
40
0
-48
4
-17
0
8
18
12
9
-10
-7
1
-4
-52
-10
-32
-7
22
36
-44
16
13
31
10
28
6
11
18
8
23
-3
-20
7
-2
9
-29
-32
8
-21
-3
-32
-3
-20
1
-8
6
2
8
55
16
19
47
26
-9
-4
-3
0
-31
-28
15
-37
1
-40
-25
-8
-32
1
-14
7
23
-22
18
0
-8
-24
-46
12
-38
-34
-35
-10
15
25
-32
16
-38
55
33
-25
-43
-42
31
8
19
-16
-11
38
-50
26
-10
-21
-45
-13
1
-21
-40
40
-18
-2
-18
-16
-41
38
-1
23
-23
24
-13
-15
22
0
-30
-20
-24
-25
12
-40
39
0
-7
-32
29
13
4
-4
-7
-11
-22
11
-18
3
-15
-45
53
28
9
9
-22
27
16
3
6
1
-4
-57
-32
15
-21
39
6
-25
37
21
-17
-30
-9
-3
-29
12
-29
-56
57
-5
19
-20
49
0
-13
-11
-52
-43
-18
-19
2
-5
33
10
-39
14
34
-4
28
-14
60
7
-23
-17
19
10
-4
76
-1
10
14
-24
0
28
-46
18
16
-34
-13
19
-11
-4
-42
22
-20
18
5
-23
-6
9
-14
-2
-5
-23
18
52
-20
2
-24
0
41
-46
6
-35
-17
-14
10
31
-33
-28
-4
0
-16
-10
0
6
-34
-4
-2
-1
8
-6
16
-4
-33
-37
-12
-9
-16
3
45
-21
-36
1
-12
16
4
-8
-3
-40
52
-28
-30
-8
25
9
-16
-6
-20
12
13
31
-18
0
4
7
38
26
-14
18
-1
-57
38
-54
-3
-46
-1
15
-21
-3
-27
-2
6
-28
2
-14
1
12
19
18
9
-12
0
29
7
2
24
-8
2
-5
-27
-1
-43
-6
5
31
-4
24
-43
4
-36
27
-32
3
-20
-75
5
6
18
-3
7
-76
-13
8
11
-48
22
-31
-11
-3
-8
-51
6
0
-4
11
4
30
7
-4
19
54
-23
-7
-21
62
-8
13
-32
24
47
5
33
-35
16
25
-37
-24
-7
-20
10
-15
28
3
-6
-1
19
-49
-2
-21
43
13
-30
23
18
60
22
20
32
-20
-48
-36
36
13
2
-19
-25
-37
18
-30
0
6
4
-7
-10
22
-15
7
27
-19
-21
-13
39
-54
-12
6
-33
-23
-15
-30
-4
-2
31
-10
-10
21
25
-24
-12
28
-24
52
41
-35
-2
-2
-53
47
40
1
16
22
17
13
-36
16
28
-30
10
-43
7
-45
-38
1
-26
-3
28
32
30
-2
39
-18
-19
6
28
-41
-47
12
33
17
44
47
2
-84
26
-42
16
30
-35
-21
-35
-15
-26
85
-13
-10
-3
-12
-19
5
-7
-14
-13
-17
24
-16
-32
-13
17
-15
-6
14
-18
11
-32
15
-8
17
-13
-27
-33
41
-15
-61
18
-33
-31
3
43
8
-20
-12
-40
14
3
11
-11
-2
30
11
-33
-26
0
-20
-18
-32
23
-14
-30
-17
-7
-37
34
-28
23
28
14
-3
55
-67
22
20
-33
4
11
7
-22
22
3
-46
13
27
-2
39
36
-8
31
-33
17
-33
31
30
20
-6
38
-66
30
16
-48
33
2
26
35
11
12
13
8
3
23
-22
12
44
-10
28
10
37
-32
-11
69
-15
-15
-38
29
0
24
36
1
3
-5
7
14
24
17
2
0
46
54
-8
2
-2
37
20
20
-16
36
-6
-7
40
-15
-4
14
-3
17
-47
-16
-22
29
22
3
-5
-8
-15
-31
-7
0
12
33
-10
68
0
45
-18
-52
29
15
-7
4
-60
-15
-53
-26
38
-63
-3
11
-8
5
-34
-76
25
3
-52
11
4
-37
25
-14
-8
43
-33
61
-38
-18
-14
22
-22
7
-12
-4
37
-2
-14
3
21
72
-17
-11
25
-24
7
29
-8
46
-49
60
-23
-27
-37
-12
23
-16
-24
53
-12
24
-6
-32
-13
5
19
-10
35
5
-22
-16
10
42
35
-31
23
53
4
-63
10
-30
13
-76
-16
8
-7
7
18
-1
50
-20
