00000 0268252168 0 0 0 0 0
00001 0-53933805 0 0 0 0 0
00002 0721688499 0 0 0 0 0
00003 0169400044 0 0 0 0 0
00004 0-98561794 0 0 0 0 0
00005 -287514138 0 0 0 0 0
00006 -252964830 0 0 0 0 0
00007 0150600762 0 0 0 0 0
00008 -569707561 0 0 0 0 0
00009 -220518621 0 0 0 0 0
00010 0019071454 0 0 0 0 0
00011 0450947641 0 0 0 0 0
00012 -166916057 0 0 0 0 0
00013 0252968743 0 0 0 0 0
00014 -2137194732 0 0 0 0 0
00015 0751152256 0 0 0 0 0
00016 0963259714 0 0 0 0 0
00017 0874074719 0 0 0 0 0
00018 -148041412 0 0 0 0 0
00019 0033292557 0 0 0 0 0
00020 0200678138 0 0 0 0 0
00021 0-69338872 0 0 0 0 0
00022 -322820872 0 0 0 0 0
00023 0486735660 0 0 0 0 0
00024 0587113702 0 0 0 0 0
00025 -555420413 0 0 0 0 0
00026 0403510023 0 0 0 0 0
00027 -217526566 0 0 0 0 0
00028 0016061195 0 0 0 0 0
00029 -790695391 0 0 0 0 0
00030 0354222287 0 0 0 0 0
00031 0448711961 0 0 0 0 0
00032 0269210074 0 0 0 0 0
00033 -524412359 0 0 0 0 0
00034 0097656861 0 0 0 0 0
00035 -452592121 0 0 0 0 0
00036 -903813614 0 0 0 0 0
00037 0253356247 0 0 0 0 0
00038 0-81991674 0 0 0 0 0
00039 0551276582 0 0 0 0 0
00040 -200931346 0 0 0 0 0
00041 0017555211 0 0 0 0 0
00042 0-17115357 0 0 0 0 0
00043 0622774253 0 0 0 0 0
00044 -603464942 0 0 0 0 0
00045 -352983543 0 0 0 0 0
00046 0535494919 0 0 0 0 0
00047 -601763787 0 0 0 0 0
00048 -484903182 0 0 0 0 0
00049 -673639157 0 0 0 0 0
00050 -469298439 0 0 0 0 0
00051 0334041335 0 0 0 0 0
00052 -386328294 0 0 0 0 0
00053 0753792493 0 0 0 0 0
00054 0050127887 0 0 0 0 0
00055 0420802500 0 0 0 0 0
00056 -1577565179 0 0 0 0 0
00057 0002098401 0 0 0 0 0
00058 -1056826617 0 0 0 0 0
00059 0539748580 0 0 0 0 0
00060 -167197645 0 0 0 0 0
00061 0199167234 0 0 0 0 0
00062 0419553791 0 0 0 0 0
00063 0-34742299 0 0 0 0 0
00064 0-67234003 0 0 0 0 0
00065 0166259976 0 0 0 0 0
00066 0837933316 0 0 0 0 0
00067 -103677427 0 0 0 0 0
00068 -117237481 0 0 0 0 0
00069 -267066898 0 0 0 0 0
00070 -870713314 0 0 0 0 0
00071 -288096753 0 0 0 0 0
00072 -286126796 0 0 0 0 0
00073 0-84009454 0 0 0 0 0
00074 0586603754 0 0 0 0 0
00075 -335542529 0 0 0 0 0
00076 0320730323 0 0 0 0 0
00077 0182312988 0 0 0 0 0
00078 0770564876 0 0 0 0 0
00079 -216990463 0 0 0 0 0
00080 -236845318 0 0 0 0 0
00081 -902105854 0 0 0 0 0
00082 -1545064696 0 0 0 0 0
00083 0857284864 0 0 0 0 0
00084 -756225265 0 0 0 0 0
00085 -183962634 0 0 0 0 0
00086 0304091906 0 0 0 0 0
00087 -418720005 0 0 0 0 0
00088 0386066958 0 0 0 0 0
00089 -370865661 0 0 0 0 0
00090 0535948284 0 0 0 0 0
00091 -135661269 0 0 0 0 0
00092 0253350427 0 0 0 0 0
00093 -503259150 0 0 0 0 0
00094 0638054944 0 0 0 0 0
00095 0-50795558 0 0 0 0 0
00096 -117312471 0 0 0 0 0
00097 0034466280 0 0 0 0 0
00098 0-31778038 0 0 0 0 0
00099 -387593724 0 0 0 0 0
00100 0049285143 0 0 0 0 0
00101 0084279818 0 0 0 0 0
00102 0165205524 0 0 0 0 0
00103 0955057451 0 0 0 0 0
00104 -755502377 0 0 0 0 0
00105 0516685598 0 0 0 0 0
00106 -571070437 0 0 0 0 0
00107 -1292554249 0 0 0 0 0
00108 0299902215 0 0 0 0 0
00109 0319351540 0 0 0 0 0
00110 -384491759 0 0 0 0 0
00111 0031911164 0 0 0 0 0
00112 0047259875 0 0 0 0 0
00113 -736154626 0 0 0 0 0
00114 0-67503871 0 0 0 0 0
00115 0854590729 0 0 0 0 0
00116 -421794058 0 0 0 0 0
00117 -168497371 0 0 0 0 0
00118 0222366988 0 0 0 0 0
00119 0470410409 0 0 0 0 0
00120 -332592913 0 0 0 0 0
00121 0000639998 0 0 0 0 0
00122 0469964505 0 0 0 0 0
00123 0153019390 0 0 0 0 0
00124 0621471979 0 0 0 0 0
00125 0-50852121 0 0 0 0 0
00126 0166066175 0 0 0 0 0
00127 0620812307 0 0 0 0 0
00128 0219929305 0 0 0 0 0
00129 -588568312 0 0 0 0 0
00130 0872809190 0 0 0 0 0
00131 0265936430 0 0 0 0 0
00132 0302518990 0 0 0 0 0
00133 0180478954 0 0 0 0 0
00134 -719179215 0 0 0 0 0
00135 0735108863 0 0 0 0 0
00136 -135258622 0 0 0 0 0
00137 -418054406 0 0 0 0 0
00138 0820113376 0 0 0 0 0
00139 -566565575 0 0 0 0 0
00140 -703918886 0 0 0 0 0
00141 -102764770 0 0 0 0 0
00142 0303760146 0 0 0 0 0
00143 0522442482 0 0 0 0 0
00144 -120529882 0 0 0 0 0
00145 0319555038 0 0 0 0 0
00146 0735567632 0 0 0 0 0
00147 0405009934 0 0 0 0 0
00148 -183575059 0 0 0 0 0
00149 0237165786 0 0 0 0 0
00150 0904657898 0 0 0 0 0
00151 0184744462 0 0 0 0 0
00152 0032367114 0 0 0 0 0
00153 0-32577819 0 0 0 0 0
00154 0201260832 0 0 0 0 0
00155 0-68797970 0 0 0 0 0
00156 -755887373 0 0 0 0 0
00157 0535811843 0 0 0 0 0
00158 -117631483 0 0 0 0 0
00159 0085467142 0 0 0 0 0
00160 -253423629 0 0 0 0 0
00161 -184834325 0 0 0 0 0
00162 -118135508 0 0 0 0 0
00163 0-98433033 0 0 0 0 0
00164 -253952010 0 0 0 0 0
00165 0285006590 0 0 0 0 0
00166 -201524957 0 0 0 0 0
00167 1093077987 0 0 0 0 0
00168 -505947644 0 0 0 0 0
00169 -552722186 0 0 0 0 0
00170 0305726394 0 0 0 0 0
00171 0770963182 0 0 0 0 0
00172 0201781018 0 0 0 0 0
00173 0753395905 0 0 0 0 0
00174 0-84802536 0 0 0 0 0
00175 -317981417 0 0 0 0 0
00176 0151126256 0 0 0 0 0
00177 -521861381 0 0 0 0 0
00178 0302711596 0 0 0 0 0
00179 -824439304 0 0 0 0 0
00180 0421130236 0 0 0 0 0
00181 -284561394 0 0 0 0 0
00182 -570288619 0 0 0 0 0
00183 -468905474 0 0 0 0 0
00184 -1207564300 0 0 0 0 0
00185 0251195914 0 0 0 0 0
00186 0302126895 0 0 0 0 0
00187 0435209721 0 0 0 0 0
00188 -133814577 0 0 0 0 0
00189 0337372947 0 0 0 0 0
00190 -101916704 0 0 0 0 0
00191 -352242935 0 0 0 0 0
00192 0166787853 0 0 0 0 0
00193 1191826176 0 0 0 0 0
00194 -369952537 0 0 0 0 0
00195 -687334653 0 0 0 0 0
00196 -402457311 0 0 0 0 0
00197 -267647255 0 0 0 0 0
00198 0373292275 0 0 0 0 0
00199 -488700411 0 0 0 0 0
00200 0034398954 0 0 0 0 0
00201 0566887226 0 0 0 0 0
00202 0067229439 0 0 0 0 0
00203 0368447230 0 0 0 0 0
00204 -268432637 0 0 0 0 0
00205 0-17107001 0 0 0 0 0
00206 -1391249635 0 0 0 0 0
00207 1022694661 0 0 0 0 0
00208 0-84750604 0 0 0 0 0
00209 -236259569 0 0 0 0 0
00210 -266472693 0 0 0 0 0
00211 -1209454785 0 0 0 0 0
00212 0503576079 0 0 0 0 0
00213 -1158795037 0 0 0 0 0
00214 -618985988 0 0 0 0 0
00215 -266129644 0 0 0 0 0
00216 0085714378 0 0 0 0 0
00217 -134021901 0 0 0 0 0
00218 0438298356 0 0 0 0 0
00219 0603119901 0 0 0 0 0
00220 -385222668 0 0 0 0 0
00221 0232124926 0 0 0 0 0
00222 0252447757 0 0 0 0 0
00223 0048949776 0 0 0 0 0
00224 -637267435 0 0 0 0 0
00225 0097831676 0 0 0 0 0
00226 -586267379 0 0 0 0 0
00227 -417271782 0 0 0 0 0
00228 0-19138796 0 0 0 0 0
00229 -319028716 0 0 0 0 0
00230 -283574018 0 0 0 0 0
00231 0116853750 0 0 0 0 0
00232 0451538189 0 0 0 0 0
00233 -103156187 0 0 0 0 0
00234 -252784599 0 0 0 0 0
00235 0352000787 0 0 0 0 0
00236 0-99096079 0 0 0 0 0
00237 0216517138 0 0 0 0 0
00238 -554684672 0 0 0 0 0
00239 -216003597 0 0 0 0 0
00240 0132971557 0 0 0 0 0
00241 -618454524 0 0 0 0 0
00242 -505213499 0 0 0 0 0
00243 0001118216 0 0 0 0 0
00244 -301858050 0 0 0 0 0
00245 -333822235 0 0 0 0 0
00246 0149938423 0 0 0 0 0
00247 0483598831 0 0 0 0 0
00248 0253688054 0 0 0 0 0
00249 -218098233 0 0 0 0 0
00250 0434050602 0 0 0 0 0
00251 -757008659 0 0 0 0 0
00252 -334686961 0 0 0 0 0
00253 0184226313 0 0 0 0 0
00254 -655550968 0 0 0 0 0
00255 0486410748 0 0 0 0 0
00256 0265217005 0 0 0 0 0
00257 -100653265 0 0 0 0 0
00258 0114164975 0 0 0 0 0
00259 -402651887 0 0 0 0 0
00260 0116598754 0 0 0 0 0
00261 0623571697 0 0 0 0 0
00262 -450240533 0 0 0 0 0
00263 -437058027 0 0 0 0 0
00264 0284616948 0 0 0 0 0
00265 0085521686 0 0 0 0 0
00266 0270801625 0 0 0 0 0
00267 0183289102 0 0 0 0 0
00268 0586998001 0 0 0 0 0
00269 -803337720 0 0 0 0 0
00270 -334224161 0 0 0 0 0
00271 0-67950613 0 0 0 0 0
00272 0133029897 0 0 0 0 0
00273 0690288894 0 0 0 0 0
00274 -251210787 0 0 0 0 0
00275 0351407121 0 0 0 0 0
00276 0099750388 0 0 0 0 0
00277 -671208981 0 0 0 0 0
00278 0788979217 0 0 0 0 0
00279 -841097173 0 0 0 0 0
00280 0437123837 0 0 0 0 0
00281 -803732216 0 0 0 0 0
00282 0233893163 0 0 0 0 0
00283 0050459142 0 0 0 0 0
00284 0113827114 0 0 0 0 0
00285 0265542456 0 0 0 0 0
00286 0-80680677 0 0 0 0 0
00287 -888010552 0 0 0 0 0
00288 -252500156 0 0 0 0 0
00289 -233448455 0 0 0 0 0
00290 -570688511 0 0 0 0 0
00291 0420153633 0 0 0 0 0
00292 00-1065688 0 0 0 0 0
00293 -753260566 0 0 0 0 0
00294 0822796526 0 0 0 0 0
00295 -304614379 0 0 0 0 0
00296 0-65400291 0 0 0 0 0
00297 0235534543 0 0 0 0 0
00298 -671539487 0 0 0 0 0
00299 0052564458 0 0 0 0 0
00300 -116979459 0 0 0 0 0
00301 -168564982 0 0 0 0 0
00302 -534767090 0 0 0 0 0
00303 0603842751 0 0 0 0 0
00304 0535768593 0 0 0 0 0
00305 -925310456 0 0 0 0 0
00306 0220921595 0 0 0 0 0
00307 0-30075668 0 0 0 0 0
00308 0518635221 0 0 0 0 0
00309 -857540525 0 0 0 0 0
00310 0165620760 0 0 0 0 0
00311 0319553806 0 0 0 0 0
00312 -138010395 0 0 0 0 0
00313 -138139136 0 0 0 0 0
00314 0266410511 0 0 0 0 0
00315 0489220327 0 0 0 0 0
00316 0489754067 0 0 0 0 0
00317 0519174102 0 0 0 0 0
00318 -168824597 0 0 0 0 0
00319 0232861697 0 0 0 0 0
00320 -383780858 0 0 0 0 0
00321 0334484249 0 0 0 0 0
00322 0085383672 0 0 0 0 0
00323 -434962662 0 0 0 0 0
00324 0417139458 0 0 0 0 0
00325 000-654337 0 0 0 0 0
00326 0838005487 0 0 0 0 0
00327 0218887690 0 0 0 0 0
00328 -267524893 0 0 0 0 0
00329 00-1562071 0 0 0 0 0
00330 -233124129 0 0 0 0 0
00331 -235004158 0 0 0 0 0
00332 0203552508 0 0 0 0 0
00333 0032828934 0 0 0 0 0
00334 0-66982133 0 0 0 0 0
00335 0435092730 0 0 0 0 0
00336 0789773042 0 0 0 0 0
00337 -184957954 0 0 0 0 0
00338 -536733908 0 0 0 0 0
00339 0066319092 0 0 0 0 0
00340 -551871245 0 0 0 0 0
00341 -302905612 0 0 0 0 0
00342 0270402812 0 0 0 0 0
00343 -219346700 0 0 0 0 0
00344 0-50191621 0 0 0 0 0
00345 -536807408 0 0 0 0 0
00346 0232390393 0 0 0 0 0
00347 0906549533 0 0 0 0 0
00348 -202708207 0 0 0 0 0
00349 0437056758 0 0 0 0 0
00350 -153753574 0 0 0 0 0
00351 0051844608 0 0 0 0 0
00352 -403379156 0 0 0 0 0
00353 -418645000 0 0 0 0 0
00354 -485880345 0 0 0 0 0
00355 0169872432 0 0 0 0 0
00356 0149486330 0 0 0 0 0
00357 -621019657 0 0 0 0 0
00358 0388034260 0 0 0 0 0
00359 -352972239 0 0 0 0 0
00360 0637865722 0 0 0 0 0
00361 0149020127 0 0 0 0 0
00362 1054540556 0 0 0 0 0
00363 0520671985 0 0 0 0 0
00364 0502072584 0 0 0 0 0
00365 0235600103 0 0 0 0 0
00366 -604706322 0 0 0 0 0
00367 0687808542 0 0 0 0 0
00368 -789833994 0 0 0 0 0
00369 -1041102077 0 0 0 0 0
00370 0474612998 0 0 0 0 0
00371 -504499707 0 0 0 0 0
00372 0520487908 0 0 0 0 0
00373 0317849584 0 0 0 0 0
00374 -168623625 0 0 0 0 0
00375 0501875985 0 0 0 0 0
00376 0-64556553 0 0 0 0 0
00377 0789702891 0 0 0 0 0
00378 0452981987 0 0 0 0 0
00379 0133690336 0 0 0 0 0
00380 0015138051 0 0 0 0 0
00381 -604691425 0 0 0 0 0
00382 0236715256 0 0 0 0 0
00383 -319550937 0 0 0 0 0
00384 0838782162 0 0 0 0 0
00385 -201913880 0 0 0 0 0
00386 0302722044 0 0 0 0 0
00387 -149882901 0 0 0 0 0
00388 -351340285 0 0 0 0 0
00389 0050907627 0 0 0 0 0
00390 -1040967087 0 0 0 0 0
00391 0052374729 0 0 0 0 0
00392 -287315427 0 0 0 0 0
00393 0284285724 0 0 0 0 0
00394 0220725282 0 0 0 0 0
00395 -186457639 0 0 0 0 0
00396 -251457249 0 0 0 0 0
00397 -568850424 0 0 0 0 0
00398 0585758452 0 0 0 0 0
00399 0017371391 0 0 0 0 0
00400 0656465378 0 0 0 0 0
00401 0064018954 0 0 0 0 0
00402 0285808912 0 0 0 0 0
00403 0-17832950 0 0 0 0 0
00404 -185600000 0 0 0 0 0
00405 -469415670 0 0 0 0 0
00406 0147848944 0 0 0 0 0
00407 -301726177 0 0 0 0 0
00408 -702157060 0 0 0 0 0
00409 0065735441 0 0 0 0 0
00410 0031526937 0 0 0 0 0
00411 0536661534 0 0 0 0 0
00412 0017496828 0 0 0 0 0
00413 -620238584 0 0 0 0 0
00414 -183627023 0 0 0 0 0
00415 -118680764 0 0 0 0 0
00416 0686413780 0 0 0 0 0
00417 -501873114 0 0 0 0 0
00418 0270079160 0 0 0 0 0
00419 -366879478 0 0 0 0 0
00420 0235663354 0 0 0 0 0
00421 -1225322241 0 0 0 0 0
00422 0067842819 0 0 0 0 0
00423 0448656931 0 0 0 0 0
00424 -317587978 0 0 0 0 0
00425 0-67632650 0 0 0 0 0
00426 0415829295 0 0 0 0 0
00427 0283702243 0 0 0 0 0
00428 -369019123 0 0 0 0 0
00429 0-66310433 0 0 0 0 0
00430 -473696745 0 0 0 0 0
00431 0117445339 0 0 0 0 0
00432 0017827864 0 0 0 0 0
00433 0770635742 0 0 0 0 0
00434 0100072239 0 0 0 0 0
00435 -605485060 0 0 0 0 0
00436 0134471439 0 0 0 0 0
00437 -302254801 0 0 0 0 0
00438 -554100981 0 0 0 0 0
00439 0702597142 0 0 0 0 0
00440 0372762342 0 0 0 0 0
00441 -470081304 0 0 0 0 0
00442 0100139830 0 0 0 0 0
00443 0399631316 0 0 0 0 0
00444 -217114582 0 0 0 0 0
00445 0337833966 0 0 0 0 0
00446 -1158343182 0 0 0 0 0
00447 -351258893 0 0 0 0 0
00448 0-70651418 0 0 0 0 0
00449 -150583749 0 0 0 0 0
00450 0131126027 0 0 0 0 0
00451 0252900365 0 0 0 0 0
00452 0553316582 0 0 0 0 0
00453 0367648042 0 0 0 0 0
00454 -470414340 0 0 0 0 0
00455 0030216240 0 0 0 0 0
00456 -136512030 0 0 0 0 0
00457 0254352144 0 0 0 0 0
00458 0-65208368 0 0 0 0 0
00459 0770696159 0 0 0 0 0
00460 0484381219 0 0 0 0 0
00461 0099077890 0 0 0 0 0
00462 0722850072 0 0 0 0 0
00463 0-85327622 0 0 0 0 0
00464 -935594006 0 0 0 0 0
00465 -841667782 0 0 0 0 0
00466 -972613894 0 0 0 0 0
00467 1107690991 0 0 0 0 0
00468 -382539007 0 0 0 0 0
00469 -233502000 0 0 0 0 0
00470 -115413755 0 0 0 0 0
00471 -669322233 0 0 0 0 0
00472 0301536251 0 0 0 0 0
00473 -222498285 0 0 0 0 0
00474 -419949000 0 0 0 0 0
00475 0538307579 0 0 0 0 0
00476 -821436143 0 0 0 0 0
00477 0401146131 0 0 0 0 0
00478 -284089611 0 0 0 0 0
00479 0253551579 0 0 0 0 0
00480 0-50204389 0 0 0 0 0
00481 0131068922 0 0 0 0 0
00482 0250749738 0 0 0 0 0
00483 0135911910 0 0 0 0 0
00484 0803145208 0 0 0 0 0
00485 0319868942 0 0 0 0 0
00486 0-51186216 0 0 0 0 0
00487 -300025328 0 0 0 0 0
00488 -521005818 0 0 0 0 0
00489 0335673102 0 0 0 0 0
00490 -118164986 0 0 0 0 0
00491 0068953593 0 0 0 0 0
00492 -454101815 0 0 0 0 0
00493 0303961064 0 0 0 0 0
00494 -132389102 0 0 0 0 0
00495 -550242288 0 0 0 0 0
00496 0150006498 0 0 0 0 0
00497 0286519536 0 0 0 0 0
00498 0755629329 0 0 0 0 0
00499 -940055299 0 0 0 0 0
00500 -235470586 0 0 0 0 0
00501 -234804764 0 0 0 0 0
00502 -1258409445 0 0 0 0 0
00503 0-48488193 0 0 0 0 0
00504 0-17492235 0 0 0 0 0
00505 -705824282 0 0 0 0 0
00506 0569134320 0 0 0 0 0
00507 0017360658 0 0 0 0 0
00508 0402715891 0 0 0 0 0
00509 0014074394 0 0 0 0 0
00510 -213253879 0 0 0 0 0
00511 0653455852 0 0 0 0 0
00512 -571141605 0 0 0 0 0
00513 -418390796 0 0 0 0 0
00514 0602150159 0 0 0 0 0
00515 0268562140 0 0 0 0 0
00516 0-33611277 0 0 0 0 0
00517 -382796543 0 0 0 0 0
00518 -168429844 0 0 0 0 0
00519 -586086906 0 0 0 0 0
00520 0334108439 0 0 0 0 0
00521 -470805536 0 0 0 0 0
00522 -267913704 0 0 0 0 0
00523 0301400837 0 0 0 0 0
00524 -455733991 0 0 0 0 0
00525 -118089214 0 0 0 0 0
00526 0082452990 0 0 0 0 0
00527 0435417825 0 0 0 0 0
00528 0151781132 0 0 0 0 0
00529 0049938931 0 0 0 0 0
00530 -489420567 0 0 0 0 0
00531 0-68412874 0 0 0 0 0
00532 -201055975 0 0 0 0 0
00533 -539101699 0 0 0 0 0
00534 -166985473 0 0 0 0 0
00535 -120649466 0 0 0 0 0
00536 0316478498 0 0 0 0 0
00537 -788913884 0 0 0 0 0
00538 0652011303 0 0 0 0 0
00539 -703008768 0 0 0 0 0
00540 0318245360 0 0 0 0 0
00541 -689696762 0 0 0 0 0
00542 -298968591 0 0 0 0 0
00543 0-83750666 0 0 0 0 0
00544 0286524407 0 0 0 0 0
00545 0252766448 0 0 0 0 0
00546 -350616869 0 0 0 0 0
00547 0302641134 0 0 0 0 0
00548 -502140678 0 0 0 0 0
00549 -771876837 0 0 0 0 0
00550 0103813369 0 0 0 0 0
00551 0001309170 0 0 0 0 0
00552 -641070368 0 0 0 0 0
00553 0-82169611 0 0 0 0 0
00554 0686023935 0 0 0 0 0
00555 0-16971739 0 0 0 0 0
00556 -234812448 0 0 0 0 0
00557 -319680531 0 0 0 0 0
00558 0032388088 0 0 0 0 0
00559 0756280596 0 0 0 0 0
00560 0-67642128 0 0 0 0 0
00561 -587856880 0 0 0 0 0
00562 0635045123 0 0 0 0 0
00563 0-52371140 0 0 0 0 0
00564 -451151356 0 0 0 0 0
00565 0538308602 0 0 0 0 0
00566 -303367451 0 0 0 0 0
00567 0421598717 0 0 0 0 0
00568 0-67703560 0 0 0 0 0
00569 0402579721 0 0 0 0 0
00570 -186065610 0 0 0 0 0
00571 0318961657 0 0 0 0 0
00572 0215414032 0 0 0 0 0
00573 0065661984 0 0 0 0 0
00574 -535815655 0 0 0 0 0
00575 0335154171 0 0 0 0 0
00576 0520015823 0 0 0 0 0
00577 -337315795 0 0 0 0 0
00578 0234493166 0 0 0 0 0
00579 0218230041 0 0 0 0 0
00580 -385224673 0 0 0 0 0
00581 -855505942 0 0 0 0 0
00582 -805819083 0 0 0 0 0
00583 -484243996 0 0 0 0 0
00584 -249817870 0 0 0 0 0
00585 -434575383 0 0 0 0 0
00586 0-82827770 0 0 0 0 0
00587 0186782953 0 0 0 0 0
00588 -169083131 0 0 0 0 0
00589 0119260416 0 0 0 0 0
00590 -570243604 0 0 0 0 0
00591 0788602430 0 0 0 0 0
00592 -215681599 0 0 0 0 0
00593 0-84282366 0 0 0 0 0
00594 0-34277840 0 0 0 0 0
00595 0-98038065 0 0 0 0 0
00596 -185787922 0 0 0 0 0
00597 0065530909 0 0 0 0 0
00598 -469759975 0 0 0 0 0
00599 -168028668 0 0 0 0 0
00600 1106896119 0 0 0 0 0
00601 0773502721 0 0 0 0 0
00602 -754650641 0 0 0 0 0
00603 0068952548 0 0 0 0 0
00604 0651354119 0 0 0 0 0
00605 -251908576 0 0 0 0 0
00606 -218893055 0 0 0 0 0
00607 -571406098 0 0 0 0 0
00608 0018027014 0 0 0 0 0
00609 0185211131 0 0 0 0 0
00610 -249898001 0 0 0 0 0
00611 0923402490 0 0 0 0 0
00612 0-14623058 0 0 0 0 0
00613 0503712507 0 0 0 0 0
00614 0233571307 0 0 0 0 0
00615 -235730166 0 0 0 0 0
00616 0188094404 0 0 0 0 0
00617 -921308426 0 0 0 0 0
00618 -602266915 0 0 0 0 0
00619 0417147630 0 0 0 0 0
00620 0703521554 0 0 0 0 0
00621 0234754803 0 0 0 0 0
00622 0082498792 0 0 0 0 0
00623 -587453418 0 0 0 0 0
00624 0118296856 0 0 0 0 0
00625 -183304496 0 0 0 0 0
00626 -368312853 0 0 0 0 0
00627 -856283630 0 0 0 0 0
00628 1056632594 0 0 0 0 0
00629 -536020472 0 0 0 0 0
00630 -266811143 0 0 0 0 0
00631 1243143655 0 0 0 0 0
00632 -537393633 0 0 0 0 0
00633 -167498267 0 0 0 0 0
00634 -588640806 0 0 0 0 0
00635 0605618411 0 0 0 0 0
00636 0234619921 0 0 0 0 0
00637 0502846205 0 0 0 0 0
00638 0-48887305 0 0 0 0 0
00639 -455139601 0 0 0 0 0
00640 0-50853860 0 0 0 0 0
00641 -117902077 0 0 0 0 0
00642 0286191843 0 0 0 0 0
00643 0571079436 0 0 0 0 0
00644 -183109629 0 0 0 0 0
00645 -871499024 0 0 0 0 0
00646 0152639206 0 0 0 0 0
00647 0187367125 0 0 0 0 0
00648 -401090050 0 0 0 0 0
00649 -1053542181 0 0 0 0 0
00650 -336133911 0 0 0 0 0
00651 -685888493 0 0 0 0 0
00652 0134414557 0 0 0 0 0
00653 0133960716 0 0 0 0 0
00654 0436270291 0 0 0 0 0
00655 -518522885 0 0 0 0 0
00656 0-34203382 0 0 0 0 0
00657 -118566400 0 0 0 0 0
00658 -100730592 0 0 0 0 0
00659 0822559228 0 0 0 0 0
00660 0181650948 0 0 0 0 0
00661 0472831207 0 0 0 0 0
00662 0254077141 0 0 0 0 0
00663 -823719399 0 0 0 0 0
00664 0-15392778 0 0 0 0 0
00665 -987354938 0 0 0 0 0
00666 0032773088 0 0 0 0 0
00667 0068624359 0 0 0 0 0
00668 1040195035 0 0 0 0 0
00669 -350881835 0 0 0 0 0
00670 0014023921 0 0 0 0 0
00671 0-66516757 0 0 0 0 0
00672 -604829398 0 0 0 0 0
00673 0436079633 0 0 0 0 0
00674 0-16249591 0 0 0 0 0
00675 0468188628 0 0 0 0 0
00676 -367464732 0 0 0 0 0
00677 0-29615634 0 0 0 0 0
00678 0-65344035 0 0 0 0 0
00679 0633995244 0 0 0 0 0
00680 0250932480 0 0 0 0 0
00681 0603393051 0 0 0 0 0
00682 0181929959 0 0 0 0 0
00683 0151394032 0 0 0 0 0
00684 -235009597 0 0 0 0 0
00685 0183433751 0 0 0 0 0
00686 0571463183 0 0 0 0 0
00687 0133497845 0 0 0 0 0
00688 -489425653 0 0 0 0 0
00689 0084492075 0 0 0 0 0
00690 0384424917 0 0 0 0 0
00691 -218759394 0 0 0 0 0
00692 -252972519 0 0 0 0 0
00693 -287502295 0 0 0 0 0
00694 0017173521 0 0 0 0 0
00695 0112797183 0 0 0 0 0
00696 0101320916 0 0 0 0 0
00697 0470731798 0 0 0 0 0
00698 -131797503 0 0 0 0 0
00699 -136518144 0 0 0 0 0
00700 0382347813 0 0 0 0 0
00701 -772138770 0 0 0 0 0
00702 0033499624 0 0 0 0 0
00703 0318177056 0 0 0 0 0
00704 0033750769 0 0 0 0 0
00705 -371459831 0 0 0 0 0
00706 0-50912000 0 0 0 0 0
00707 -270458117 0 0 0 0 0
00708 -518976218 0 0 0 0 0
00709 0317715677 0 0 0 0 0
00710 -705026036 0 0 0 0 0
00711 0084336635 0 0 0 0 0
00712 0214366271 0 0 0 0 0
00713 0148631621 0 0 0 0 0
00714 -454093595 0 0 0 0 0
00715 0703859997 0 0 0 0 0
00716 1123070459 0 0 0 0 0
00717 -217119525 0 0 0 0 0
00718 -188018152 0 0 0 0 0
00719 0350888165 0 0 0 0 0
00720 -103405271 0 0 0 0 0
00721 0184809978 0 0 0 0 0
00722 0151578383 0 0 0 0 0
00723 0269491900 0 0 0 0 0
00724 -588590820 0 0 0 0 0
00725 0402731011 0 0 0 0 0
00726 -250679820 0 0 0 0 0
00727 0737931256 0 0 0 0 0
00728 0032313334 0 0 0 0 0
00729 0099154387 0 0 0 0 0
00730 -503028455 0 0 0 0 0
00731 0001504204 0 0 0 0 0
00732 0253160164 0 0 0 0 0
00733 -282726927 0 0 0 0 0
00734 0066576425 0 0 0 0 0
00735 0-99998235 0 0 0 0 0
00736 -168500215 0 0 0 0 0
00737 0-49485560 0 0 0 0 0
00738 -403046119 0 0 0 0 0
00739 0170065393 0 0 0 0 0
00740 -788263157 0 0 0 0 0
00741 0285863396 0 0 0 0 0
00742 -570300876 0 0 0 0 0
00743 -117641724 0 0 0 0 0
00744 -129814786 0 0 0 0 0
00745 -1258093596 0 0 0 0 0
00746 -516746772 0 0 0 0 0
00747 0-81994251 0 0 0 0 0
00748 0521416698 0 0 0 0 0
00749 1326164900 0 0 0 0 0
00750 -235919868 0 0 0 0 0
00751 0152109039 0 0 0 0 0
00752 -136313872 0 0 0 0 0
00753 0116658725 0 0 0 0 0
00754 -118881006 0 0 0 0 0
00755 -536802855 0 0 0 0 0
00756 0987897361 0 0 0 0 0
00757 -382212387 0 0 0 0 0
00758 0758771943 0 0 0 0 0
00759 -170787095 0 0 0 0 0
00760 -116592134 0 0 0 0 0
00761 0017374188 0 0 0 0 0
00762 -452790014 0 0 0 0 0
00763 0-99819211 0 0 0 0 0
00764 -333839129 0 0 0 0 0
00765 0234932464 0 0 0 0 0
00766 0134546764 0 0 0 0 0
00767 -350952225 0 0 0 0 0
00768 -1544671720 0 0 0 0 0
00769 0370350081 0 0 0 0 0
00770 -406515198 0 0 0 0 0
00771 0455347469 0 0 0 0 0
00772 -287320061 0 0 0 0 0
00773 0638581778 0 0 0 0 0
00774 0588764134 0 0 0 0 0
00775 -355543044 0 0 0 0 0
00776 0-15526392 0 0 0 0 0
00777 -336731079 0 0 0 0 0
00778 0488303111 0 0 0 0 0
00779 -219426771 0 0 0 0 0
00780 0868733963 0 0 0 0 0
00781 0256177647 0 0 0 0 0
00782 -686414369 0 0 0 0 0
00783 0068879854 0 0 0 0 0
00784 -183968774 0 0 0 0 0
00785 0104207586 0 0 0 0 0
00786 -217985036 0 0 0 0 0
00787 0002170636 0 0 0 0 0
00788 -671683101 0 0 0 0 0
00789 0553518588 0 0 0 0 0
00790 0754646805 0 0 0 0 0
00791 0236249583 0 0 0 0 0
00792 0-87686418 0 0 0 0 0
00793 -385091582 0 0 0 0 0
00794 0486281982 0 0 0 0 0
00795 -622585564 0 0 0 0 0
00796 -805239312 0 0 0 0 0
00797 -519562761 0 0 0 0 0
00798 0236059377 0 0 0 0 0
00799 0335815459 0 0 0 0 0
00800 0097772794 0 0 0 0 0
00801 -823003637 0 0 0 0 0
00802 -639171552 0 0 0 0 0
00803 0-68341714 0 0 0 0 0
00804 -367650558 0 0 0 0 0
00805 0483259106 0 0 0 0 0
00806 0383905054 0 0 0 0 0
00807 -386458604 0 0 0 0 0
00808 0014677724 0 0 0 0 0
00809 -199621065 0 0 0 0 0
00810 0018150642 0 0 0 0 0
00811 -420409355 0 0 0 0 0
00812 0216138021 0 0 0 0 0
00813 0186379984 0 0 0 0 0
00814 0-84537560 0 0 0 0 0
00815 1255465196 0 0 0 0 0
00816 -205724131 0 0 0 0 0
00817 0053414148 0 0 0 0 0
00818 -318448350 0 0 0 0 0
00819 -336918774 0 0 0 0 0
00820 0033760002 0 0 0 0 0
00821 0032233961 0 0 0 0 0
00822 0219419438 0 0 0 0 0
00823 0014732277 0 0 0 0 0
00824 -215811807 0 0 0 0 0
00825 -486737405 0 0 0 0 0
00826 00-3667705 0 0 0 0 0
00827 0119209239 0 0 0 0 0
00828 -772210187 0 0 0 0 0
00829 0-50711551 0 0 0 0 0
00830 -350152732 0 0 0 0 0
00831 -237570798 0 0 0 0 0
00832 -369623795 0 0 0 0 0
00833 0187103750 0 0 0 0 0
00834 0134683359 0 0 0 0 0
00835 0152104931 0 0 0 0 0
00836 0082382594 0 0 0 0 0
00837 0151388908 0 0 0 0 0
00838 -181863994 0 0 0 0 0
00839 00-3995645 0 0 0 0 0
00840 0-50851820 0 0 0 0 0
00841 0623982028 0 0 0 0 0
00842 -468118833 0 0 0 0 0
00843 0133950445 0 0 0 0 0
00844 0-35320854 0 0 0 0 0
00845 -203096041 0 0 0 0 0
00846 0234292236 0 0 0 0 0
00847 -688321218 0 0 0 0 0
00848 0485031132 0 0 0 0 0
00849 0151576073 0 0 0 0 0
00850 -253556945 0 0 0 0 0
00851 0521806040 0 0 0 0 0
00852 0-47525914 0 0 0 0 0
00853 -201711674 0 0 0 0 0
00854 -722450174 0 0 0 0 0
00855 0169609201 0 0 0 0 0
00856 0167432921 0 0 0 0 0
00857 0-49210627 0 0 0 0 0
00858 -637404385 0 0 0 0 0
00859 0503902738 0 0 0 0 0
00860 -368981770 0 0 0 0 0
00861 0117636616 0 0 0 0 0
00862 -382717190 0 0 0 0 0
00863 0333572820 0 0 0 0 0
00864 0419035677 0 0 0 0 0
00865 -521727532 0 0 0 0 0
00866 -116975839 0 0 0 0 0
00867 -119858426 0 0 0 0 0
00868 0-50856458 0 0 0 0 0
00869 -385342454 0 0 0 0 0
00870 0487520721 0 0 0 0 0
00871 0368237102 0 0 0 0 0
00872 -538312188 0 0 0 0 0
00873 -217645070 0 0 0 0 0
00874 -235610599 0 0 0 0 0
00875 -621464554 0 0 0 0 0
00876 0502458643 0 0 0 0 0
00877 0083955934 0 0 0 0 0
00878 0200342795 0 0 0 0 0
00879 -404619489 0 0 0 0 0
00880 0470809862 0 0 0 0 0
00881 1006688225 0 0 0 0 0
00882 -486539781 0 0 0 0 0
00883 0722736115 0 0 0 0 0
00884 -422451738 0 0 0 0 0
00885 0603134489 0 0 0 0 0
00886 -354289391 0 0 0 0 0
00887 0535172112 0 0 0 0 0
00888 0-85205476 0 0 0 0 0
00889 0050331896 0 0 0 0 0
00890 0-68732934 0 0 0 0 0
00891 0436332032 0 0 0 0 0
00892 0067098869 0 0 0 0 0
00893 0047911171 0 0 0 0 0
00894 0-82119934 0 0 0 0 0
00895 0319617282 0 0 0 0 0
00896 0-67571713 0 0 0 0 0
00897 -320008948 0 0 0 0 0
00898 -118413848 0 0 0 0 0
00899 -335611630 0 0 0 0 0
00900 -116656870 0 0 0 0 0
00901 0418123263 0 0 0 0 0
00902 0133291261 0 0 0 0 0
00903 0368957970 0 0 0 0 0
00904 -569037811 0 0 0 0 0
00905 0333502474 0 0 0 0 0
00906 0103615470 0 0 0 0 0
00907 0-17692464 0 0 0 0 0
00908 -232321304 0 0 0 0 0
00909 -485228785 0 0 0 0 0
00910 0-50724909 0 0 0 0 0
00911 0455485162 0 0 0 0 0
00912 -1744047090 0 0 0 0 0
00913 0-65731347 0 0 0 0 0
00914 -136246522 0 0 0 0 0
00915 0490798815 0 0 0 0 0
00916 -1225066224 0 0 0 0 0
00917 -637722575 0 0 0 0 0
00918 0149488876 0 0 0 0 0
00919 -622061563 0 0 0 0 0
00920 0182069022 0 0 0 0 0
00921 -115351537 0 0 0 0 0
00922 -520356863 0 0 0 0 0
00923 0-52884711 0 0 0 0 0
00924 0587729933 0 0 0 0 0
00925 -371589914 0 0 0 0 0
00926 0-37816525 0 0 0 0 0
00927 0471274251 0 0 0 0 0
00928 -403050209 0 0 0 0 0
00929 0600765196 0 0 0 0 0
00930 -636685591 0 0 0 0 0
00931 0486935046 0 0 0 0 0
00932 0287631866 0 0 0 0 0
00933 0520224210 0 0 0 0 0
00934 -1023342873 0 0 0 0 0
00935 0650977282 0 0 0 0 0
00936 0720438284 0 0 0 0 0
00937 0118620145 0 0 0 0 0
00938 -184096031 0 0 0 0 0
00939 0117048816 0 0 0 0 0
00940 1121640211 0 0 0 0 0
00941 0135139043 0 0 0 0 0
00942 -386464521 0 0 0 0 0
00943 -368511988 0 0 0 0 0
00944 -149618148 0 0 0 0 0
00945 0284809709 0 0 0 0 0
00946 0100923667 0 0 0 0 0
00947 0320520430 0 0 0 0 0
00948 0320202512 0 0 0 0 0
00949 0031127582 0 0 0 0 0
00950 -169283072 0 0 0 0 0
00951 0-66247420 0 0 0 0 0
00952 0349691401 0 0 0 0 0
00953 -165144110 0 0 0 0 0
00954 -470019819 0 0 0 0 0
00955 0655614938 0 0 0 0 0
00956 -169673728 0 0 0 0 0
00957 -555545037 0 0 0 0 0
00958 0150736083 0 0 0 0 0
00959 0539229960 0 0 0 0 0
00960 -907414029 0 0 0 0 0
00961 -350344945 0 0 0 0 0
00962 0502527460 0 0 0 0 0
00963 -1073735917 0 0 0 0 0
00964 0286201324 0 0 0 0 0
00965 -941622246 0 0 0 0 0
00966 0068547345 0 0 0 0 0
00967 0034012457 0 0 0 0 0
00968 0-19076096 0 0 0 0 0
00969 -451349512 0 0 0 0 0
00970 -103740921 0 0 0 0 0
00971 -237630637 0 0 0 0 0
00972 -202248936 0 0 0 0 0
00973 0034090976 0 0 0 0 0
00974 -201125919 0 0 0 0 0
00975 0267513859 0 0 0 0 0
00976 0120119575 0 0 0 0 0
00977 0216647669 0 0 0 0 0
00978 -216268225 0 0 0 0 0
00979 0401663996 0 0 0 0 0
00980 0435593235 0 0 0 0 0
00981 -166459669 0 0 0 0 0
00982 -185133845 0 0 0 0 0
00983 0238426868 0 0 0 0 0
00984 0567336967 0 0 0 0 0
00985 0133754373 0 0 0 0 0
00986 0236252152 0 0 0 0 0
00987 0283768298 0 0 0 0 0
00988 0152439560 0 0 0 0 0
00989 0014673909 0 0 0 0 0
00990 0116012798 0 0 0 0 0
00991 -1053429767 0 0 0 0 0
00992 0485224970 0 0 0 0 0
00993 0284942594 0 0 0 0 0
00994 0116523547 0 0 0 0 0
00995 0-35852305 0 0 0 0 0
00996 0705231644 0 0 0 0 0
00997 -404158986 0 0 0 0 0
00998 -254804448 0 0 0 0 0
00999 0100737564 0 0 0 0 0
01000 0-66789910 0 0 0 0 0
01001 1190653419 0 0 0 0 0
01002 0386671338 0 0 0 0 0
01003 0217630700 0 0 0 0 0
01004 0467923682 0 0 0 0 0
01005 -117760987 0 0 0 0 0
01006 -404031207 0 0 0 0 0
01007 0234570195 0 0 0 0 0
01008 -655162142 0 0 0 0 0
01009 0685252853 0 0 0 0 0
01010 0336135166 0 0 0 0 0
01011 0-68356092 0 0 0 0 0
01012 0567932695 0 0 0 0 0
01013 0200083689 0 0 0 0 0
01014 -1426909930 0 0 0 0 0
01015 0843196124 0 0 0 0 0
01016 -872368155 0 0 0 0 0
01017 0522330380 0 0 0 0 0
01018 0219469570 0 0 0 0 0
01019 -317074195 0 0 0 0 0
01020 0485888249 0 0 0 0 0
01021 0518586609 0 0 0 0 0
01022 -150871296 0 0 0 0 0
01023 0303952608 0 0 0 0 0
01024 0015798800 0 0 0 0 0
01025 0-65277943 0 0 0 0 0
01026 -438052356 0 0 0 0 0
01027 -201329121 0 0 0 0 0
01028 0537072908 0 0 0 0 0
01029 000-593428 0 0 0 0 0
01030 -500299755 0 0 0 0 0
01031 -300626208 0 0 0 0 0
01032 0453908966 0 0 0 0 0
01033 0722599146 0 0 0 0 0
01034 0719634936 0 0 0 0 0
01035 -283376158 0 0 0 0 0
01036 0-99483405 0 0 0 0 0
01037 0-32833811 0 0 0 0 0
01038 -167966456 0 0 0 0 0
01039 -200146994 0 0 0 0 0
01040 0066990591 0 0 0 0 0
01041 -402586085 0 0 0 0 0
01042 -486803714 0 0 0 0 0
01043 -183499287 0 0 0 0 0
01044 0083367703 0 0 0 0 0
01045 -100270611 0 0 0 0 0
01046 0603324140 0 0 0 0 0
01047 -1156902137 0 0 0 0 0
01048 -350938673 0 0 0 0 0
01049 -905631733 0 0 0 0 0
01050 -551802136 0 0 0 0 0
01051 0082778875 0 0 0 0 0
01052 0487327484 0 0 0 0 0
01053 -135999996 0 0 0 0 0
01054 -956106978 0 0 0 0 0
01055 0167983611 0 0 0 0 0
01056 -823142126 0 0 0 0 0
01057 -622040552 0 0 0 0 0
01058 -202574086 0 0 0 0 0
01059 -335871940 0 0 0 0 0
01060 0032573686 0 0 0 0 0
01061 0016782586 0 0 0 0 0
01062 0535301623 0 0 0 0 0
01063 0100783090 0 0 0 0 0
01064 0170467545 0 0 0 0 0
01065 -354626827 0 0 0 0 0
01066 0269561109 0 0 0 0 0
01067 -440139737 0 0 0 0 0
01068 0048295142 0 0 0 0 0
01069 0770445864 0 0 0 0 0
01070 -335870739 0 0 0 0 0
01071 -204985557 0 0 0 0 0
01072 0638834171 0 0 0 0 0
01073 -186446346 0 0 0 0 0
01074 0121441280 0 0 0 0 0
01075 0488561360 0 0 0 0 0
01076 0887996924 0 0 0 0 0
01077 0305320668 0 0 0 0 0
01078 -266930193 0 0 0 0 0
01079 -402388227 0 0 0 0 0
01080 0434376461 0 0 0 0 0
01081 -202902514 0 0 0 0 0
01082 0131597550 0 0 0 0 0
01083 -249950713 0 0 0 0 0
01084 -438761174 0 0 0 0 0
01085 0067770081 0 0 0 0 0
01086 -337835733 0 0 0 0 0
01087 0804320699 0 0 0 0 0
01088 0304945116 0 0 0 0 0
01089 0269743344 0 0 0 0 0
01090 -1074395398 0 0 0 0 0
01091 0588450032 0 0 0 0 0
01092 0252962282 0 0 0 0 0
01093 0536931554 0 0 0 0 0
01094 -386264035 0 0 0 0 0
01095 0249691882 0 0 0 0 0
01096 -330950443 0 0 0 0 0
01097 0-83763223 0 0 0 0 0
01098 -370016975 0 0 0 0 0
01099 0-98819132 0 0 0 0 0
01100 -249874219 0 0 0 0 0
01101 0332786950 0 0 0 0 0
01102 -133430513 0 0 0 0 0
01103 -673651996 0 0 0 0 0
01104 0218572043 0 0 0 0 0
01105 -773715411 0 0 0 0 0
01106 0-49345255 0 0 0 0 0
01107 -184675864 0 0 0 0 0
01108 0063505679 0 0 0 0 0
01109 0066383393 0 0 0 0 0
01110 0385672721 0 0 0 0 0
01111 0-18289901 0 0 0 0 0
01112 -536670959 0 0 0 0 0
01113 -1022558999 0 0 0 0 0
01114 0405732397 0 0 0 0 0
01115 0151703816 0 0 0 0 0
01116 0403823866 0 0 0 0 0
01117 0-31924243 0 0 0 0 0
01118 -353892110 0 0 0 0 0
01119 0-49473274 0 0 0 0 0
01120 0116117266 0 0 0 0 0
01121 -1039463396 0 0 0 0 0
01122 -321974252 0 0 0 0 0
01123 0773923570 0 0 0 0 0
01124 -1406008867 0 0 0 0 0
01125 0400951793 0 0 0 0 0
01126 -319292651 0 0 0 0 0
01127 -284543245 0 0 0 0 0
01128 -101190686 0 0 0 0 0
01129 -352189676 0 0 0 0 0
01130 -724045017 0 0 0 0 0
01131 -315207420 0 0 0 0 0
01132 0-67703837 0 0 0 0 0
01133 0-87955637 0 0 0 0 0
01134 -737208353 0 0 0 0 0
01135 0202959850 0 0 0 0 0
01136 0252329478 0 0 0 0 0
01137 0183301357 0 0 0 0 0
01138 0401202693 0 0 0 0 0
01139 0084470012 0 0 0 0 0
01140 0906547442 0 0 0 0 0
01141 0164434706 0 0 0 0 0
01142 0302122519 0 0 0 0 0
01143 0499109609 0 0 0 0 0
01144 -315877132 0 0 0 0 0
01145 -736569087 0 0 0 0 0
01146 0619983890 0 0 0 0 0
01147 0098361587 0 0 0 0 0
01148 -268889063 0 0 0 0 0
01149 -252166671 0 0 0 0 0
01150 0049146337 0 0 0 0 0
01151 0034220551 0 0 0 0 0
01152 -384962564 0 0 0 0 0
01153 0587393479 0 0 0 0 0
01154 -302574325 0 0 0 0 0
01155 0921627419 0 0 0 0 0
01156 0385271818 0 0 0 0 0
01157 0118879707 0 0 0 0 0
01158 0336931568 0 0 0 0 0
01159 -689512470 0 0 0 0 0
01160 -387567330 0 0 0 0 0
01161 0587074561 0 0 0 0 0
01162 0402712538 0 0 0 0 0
01163 -168683996 0 0 0 0 0
01164 0-32839443 0 0 0 0 0
01165 0-70843136 0 0 0 0 0
01166 -436273865 0 0 0 0 0
01167 0034865655 0 0 0 0 0
01168 -135646726 0 0 0 0 0
01169 0555347965 0 0 0 0 0
01170 0937215981 0 0 0 0 0
01171 -852690958 0 0 0 0 0
01172 0555082491 0 0 0 0 0
01173 0937361640 0 0 0 0 0
01174 0719051013 0 0 0 0 0
01175 0-50001899 0 0 0 0 0
01176 -452592138 0 0 0 0 0
01177 -134936297 0 0 0 0 0
01178 0487325664 0 0 0 0 0
01179 -100865053 0 0 0 0 0
01180 0570097954 0 0 0 0 0
01181 -137564143 0 0 0 0 0
01182 -990694379 0 0 0 0 0
01183 -502989585 0 0 0 0 0
01184 0621162757 0 0 0 0 0
01185 0-18425594 0 0 0 0 0
01186 0001910540 0 0 0 0 0
01187 0251390656 0 0 0 0 0
01188 -100921387 0 0 0 0 0
01189 -182978298 0 0 0 0 0
01190 -149937916 0 0 0 0 0
01191 0923259613 0 0 0 0 0
01192 0084595218 0 0 0 0 0
01193 -235988739 0 0 0 0 0
01194 -337706220 0 0 0 0 0
01195 -133625356 0 0 0 0 0
01196 -603654641 0 0 0 0 0
01197 -313521918 0 0 0 0 0
01198 -572647194 0 0 0 0 0
01199 0064557583 0 0 0 0 0
01200 0603189795 0 0 0 0 0
01201 -369550610 0 0 0 0 0
01202 -235018199 0 0 0 0 0
01203 0438825948 0 0 0 0 0
01204 0149810666 0 0 0 0 0
01205 -100925416 0 0 0 0 0
01206 -672725732 0 0 0 0 0
01207 -671731455 0 0 0 0 0
01208 0236517120 0 0 0 0 0
01209 0920452337 0 0 0 0 0
01210 0135519512 0 0 0 0 0
01211 0251062774 0 0 0 0 0
01212 -568387862 0 0 0 0 0
01213 0250872073 0 0 0 0 0
01214 0484557059 0 0 0 0 0
01215 -235341514 0 0 0 0 0
01216 0-48497670 0 0 0 0 0
01217 -554432771 0 0 0 0 0
01218 0-64221253 0 0 0 0 0
01219 0602474507 0 0 0 0 0
01220 0-55567046 0 0 0 0 0
01221 -333044539 0 0 0 0 0
01222 0050264542 0 0 0 0 0
01223 -114289966 0 0 0 0 0
01224 0-67693064 0 0 0 0 0
01225 0134411272 0 0 0 0 0
01226 -185009695 0 0 0 0 0
01227 0-66646281 0 0 0 0 0
01228 0352255708 0 0 0 0 0
01229 -167972351 0 0 0 0 0
01230 0133502469 0 0 0 0 0
01231 0-16911362 0 0 0 0 0
01232 0065666328 0 0 0 0 0
01233 0318240503 0 0 0 0 0
01234 0253160705 0 0 0 0 0
01235 -486666248 0 0 0 0 0
01236 0066518276 0 0 0 0 0
01237 0-66455029 0 0 0 0 0
01238 0973599446 0 0 0 0 0
01239 0101375996 0 0 0 0 0
01240 -386067202 0 0 0 0 0
01241 0134087168 0 0 0 0 0
01242 -218437885 0 0 0 0 0
01243 0435354625 0 0 0 0 0
01244 0217967907 0 0 0 0 0
01245 0-99628543 0 0 0 0 0
01246 0051191293 0 0 0 0 0
01247 -773128732 0 0 0 0 0
01248 -133358820 0 0 0 0 0
01249 0151057652 0 0 0 0 0
01250 -318766329 0 0 0 0 0
01251 0-16515847 0 0 0 0 0
01252 0589232625 0 0 0 0 0
01253 0231535365 0 0 0 0 0
01254 0467922460 0 0 0 0 0
01255 0318499055 0 0 0 0 0
01256 0050593517 0 0 0 0 0
01257 -218037226 0 0 0 0 0
01258 -402646027 0 0 0 0 0
01259 -336988932 0 0 0 0 0
01260 0149223471 0 0 0 0 0
01261 0000660741 0 0 0 0 0
01262 0334095354 0 0 0 0 0
01263 0283704859 0 0 0 0 0
01264 0133365472 0 0 0 0 0
01265 0016189719 0 0 0 0 0
01266 0436530694 0 0 0 0 0
01267 -119147522 0 0 0 0 0
01268 0402127106 0 0 0 0 0
01269 -235078151 0 0 0 0 0
01270 0151123484 0 0 0 0 0
01271 0402522600 0 0 0 0 0
01272 0269671154 0 0 0 0 0
01273 -284356364 0 0 0 0 0
01274 -284360992 0 0 0 0 0
01275 0098505503 0 0 0 0 0
01276 -420541946 0 0 0 0 0
01277 -251591670 0 0 0 0 0
01278 0552598273 0 0 0 0 0
01279 0-33038838 0 0 0 0 0
01280 0304213743 0 0 0 0 0
01281 -369489668 0 0 0 0 0
01282 0318434317 0 0 0 0 0
01283 -303693556 0 0 0 0 0
01284 -418959395 0 0 0 0 0
01285 0015795195 0 0 0 0 0
01286 0486345996 0 0 0 0 0
01287 -336263943 0 0 0 0 0
01288 0118417398 0 0 0 0 0
01289 000-916983 0 0 0 0 0
01290 0-50524944 0 0 0 0 0
01291 0-80411138 0 0 0 0 0
01292 0048560858 0 0 0 0 0
01293 0837217801 0 0 0 0 0
01294 -100274694 0 0 0 0 0
01295 0252188150 0 0 0 0 0
01296 -637477357 0 0 0 0 0
01297 0065083146 0 0 0 0 0
01298 -183503074 0 0 0 0 0
01299 -202504208 0 0 0 0 0
01300 0118226446 0 0 0 0 0
01301 0-33296393 0 0 0 0 0
01302 0084080653 0 0 0 0 0
01303 0-84936180 0 0 0 0 0
01304 -251654145 0 0 0 0 0
01305 0469433845 0 0 0 0 0
01306 0520355556 0 0 0 0 0
01307 0018149586 0 0 0 0 0
01308 0236322033 0 0 0 0 0
01309 -302907135 0 0 0 0 0
01310 -452457985 0 0 0 0 0
01311 0132380430 0 0 0 0 0
01312 0-85327065 0 0 0 0 0
01313 -100466417 0 0 0 0 0
01314 0-65603594 0 0 0 0 0
01315 0083427829 0 0 0 0 0
01316 -116918786 0 0 0 0 0
01317 -672003299 0 0 0 0 0
01318 -134354152 0 0 0 0 0
01319 0384769545 0 0 0 0 0
01320 -434898707 0 0 0 0 0
01321 0301719054 0 0 0 0 0
01322 -303098625 0 0 0 0 0
01323 0418314758 0 0 0 0 0
01324 -485877235 0 0 0 0 0
01325 0052422369 0 0 0 0 0
01326 0033618685 0 0 0 0 0
01327 -185267453 0 0 0 0 0
01328 -252379114 0 0 0 0 0
01329 -404027381 0 0 0 0 0
01330 0152112128 0 0 0 0 0
01331 0015336182 0 0 0 0 0
01332 0-33097981 0 0 0 0 0
01333 0151524583 0 0 0 0 0
01334 0065925884 0 0 0 0 0
01335 -118551804 0 0 0 0 0
01336 -186314487 0 0 0 0 0
01337 -553123589 0 0 0 0 0
01338 0268900345 0 0 0 0 0
01339 -569375993 0 0 0 0 0
01340 0000784370 0 0 0 0 0
01341 0134546683 0 0 0 0 0
01342 -218500608 0 0 0 0 0
01343 0183374592 0 0 0 0 0
01344 0198313975 0 0 0 0 0
01345 -403497459 0 0 0 0 0
01346 0-32697863 0 0 0 0 0
01347 -385685472 0 0 0 0 0
01348 0084016629 0 0 0 0 0
01349 0133753856 0 0 0 0 0
01350 0-49939177 0 0 0 0 0
01351 0319940071 0 0 0 0 0
01352 -603127781 0 0 0 0 0
01353 0169672136 0 0 0 0 0
01354 -285877219 0 0 0 0 0
01355 -234877171 0 0 0 0 0
01356 0185533451 0 0 0 0 0
01357 -250222878 0 0 0 0 0
01358 -184416006 0 0 0 0 0
01359 0018551016 0 0 0 0 0
01360 0133371387 0 0 0 0 0
01361 -150276630 0 0 0 0 0
01362 0018283230 0 0 0 0 0
01363 0215808265 0 0 0 0 0
01364 0034147089 0 0 0 0 0
01365 -503846119 0 0 0 0 0
01366 -169474561 0 0 0 0 0
01367 0-66449137 0 0 0 0 0
01368 0251982839 0 0 0 0 0
01369 -252834046 0 0 0 0 0
01370 -116981260 0 0 0 0 0
01371 0216991745 0 0 0 0 0
01372 0301990900 0 0 0 0 0
01373 0-50470663 0 0 0 0 0
01374 -150734319 0 0 0 0 0
01375 0135135483 0 0 0 0 0
01376 0-32833794 0 0 0 0 0
01377 0218946014 0 0 0 0 0
01378 0049484807 0 0 0 0 0
01379 0469035525 0 0 0 0 0
01380 0250869493 0 0 0 0 0
01381 -134881252 0 0 0 0 0
01382 0083953936 0 0 0 0 0
01383 -201458702 0 0 0 0 0
01384 0034601475 0 0 0 0 0
01385 -301272069 0 0 0 0 0
01386 -217308185 0 0 0 0 0
01387 -436864000 0 0 0 0 0
01388 -604751888 0 0 0 0 0
01389 -401398806 0 0 0 0 0
01390 0-98693114 0 0 0 0 0
01391 0266464237 0 0 0 0 0
01392 -216926209 0 0 0 0 0
01393 -702208250 0 0 0 0 0
01394 0486204153 0 0 0 0 0
01395 0-19274220 0 0 0 0 0
01396 0185530875 0 0 0 0 0
01397 0118094337 0 0 0 0 0
01398 0336133879 0 0 0 0 0
01399 0-83434764 0 0 0 0 0
01400 -722534390 0 0 0 0 0
01401 0234883592 0 0 0 0 0
01402 -150732529 0 0 0 0 0
01403 0083748070 0 0 0 0 0
01404 -150138860 0 0 0 0 0
01405 -588050170 0 0 0 0 0
01406 -318633733 0 0 0 0 0
01407 0067175158 0 0 0 0 0
01408 0168892151 0 0 0 0 0
01409 0249945341 0 0 0 0 0
01410 0034075140 0 0 0 0 0
01411 -201396475 0 0 0 0 0
01412 00-1571799 0 0 0 0 0
01413 -470419165 0 0 0 0 0
01414 -250339593 0 0 0 0 0
01415 0115864043 0 0 0 0 0
01416 -437701363 0 0 0 0 0
01417 -401147658 0 0 0 0 0
01418 -401610472 0 0 0 0 0
01419 0100525342 0 0 0 0 0
01420 0016060429 0 0 0 0 0
01421 0-32376599 0 0 0 0 0
01422 0267849452 0 0 0 0 0
01423 0502857458 0 0 0 0 0
01424 0-51111965 0 0 0 0 0
01425 0066851326 0 0 0 0 0
01426 -184756480 0 0 0 0 0
01427 0167713536 0 0 0 0 0
01428 0100463616 0 0 0 0 0
01429 0-50859520 0 0 0 0 0
01430 0198965526 0 0 0 0 0
01431 0335605764 0 0 0 0 0
01432 0-50791156 0 0 0 0 0
01433 0015605495 0 0 0 0 0
01434 0083625710 0 0 0 0 0
01435 0015333886 0 0 0 0 0
01436 0-16257250 0 0 0 0 0
01437 -301792768 0 0 0 0 0
01438 0434769901 0 0 0 0 0
01439 -234881000 0 0 0 0 0
01440 -420280322 0 0 0 0 0
01441 0-98959852 0 0 0 0 0
01442 -217325841 0 0 0 0 0
01443 -251320073 0 0 0 0 0
01444 0183829763 0 0 0 0 0
01445 0316866304 0 0 0 0 0
01446 0132975615 0 0 0 0 0
01447 0099222253 0 0 0 0 0
01448 0-82115081 0 0 0 0 0
01449 -201524726 0 0 0 0 0
01450 0168890109 0 0 0 0 0
01451 0133625317 0 0 0 0 0
01452 0250736143 0 0 0 0 0
01453 0402451953 0 0 0 0 0
01454 0185659140 0 0 0 0 0
01455 0468252136 0 0 0 0 0
01456 0-85847528 0 0 0 0 0
01457 000-130300 0 0 0 0 0
01458 0-16647932 0 0 0 0 0
01459 0032694530 0 0 0 0 0
01460 -335147525 0 0 0 0 0
01461 0706547694 0 0 0 0 0
01462 -402853898 0 0 0 0 0
01463 -253488892 0 0 0 0 0
01464 -215737360 0 0 0 0 0
01465 0251715071 0 0 0 0 0
01466 -149947402 0 0 0 0 0
01467 -301397514 0 0 0 0 0
01468 0034016000 0 0 0 0 0
01469 0201914839 0 0 0 0 0
01470 -218493169 0 0 0 0 0
01471 0839183832 0 0 0 0 0
01472 0183297304 0 0 0 0 0
01473 0403564290 0 0 0 0 0
01474 -352654324 0 0 0 0 0
01475 -636873218 0 0 0 0 0
01476 0236322540 0 0 0 0 0
01477 0048952846 0 0 0 0 0
01478 -132381211 0 0 0 0 0
01479 0218562287 0 0 0 0 0
01480 0434769910 0 0 0 0 0
01481 -184484119 0 0 0 0 0
01482 -116713474 0 0 0 0 0
01483 -201200133 0 0 0 0 0
01484 0182650891 0 0 0 0 0
01485 0067503112 0 0 0 0 0
01486 0219672044 0 0 0 0 0
01487 0387047893 0 0 0 0 0
01488 00-3345129 0 0 0 0 0
01489 0336395786 0 0 0 0 0
01490 -352520448 0 0 0 0 0
01491 0-32176374 0 0 0 0 0
01492 0250412276 0 0 0 0 0
01493 0083030009 0 0 0 0 0
01494 -131990284 0 0 0 0 0
01495 0083496698 0 0 0 0 0
01496 -337051137 0 0 0 0 0
01497 -284423906 0 0 0 0 0
01498 -386012675 0 0 0 0 0
01499 0402985995 0 0 0 0 0
01500 0082574581 0 0 0 0 0
01501 -738912779 0 0 0 0 0
01502 0352389660 0 0 0 0 0
01503 -285081631 0 0 0 0 0
01504 0200734205 0 0 0 0 0
01505 -165935856 0 0 0 0 0
01506 0151580395 0 0 0 0 0
01507 -504366576 0 0 0 0 0
01508 0217902605 0 0 0 0 0
01509 0183233323 0 0 0 0 0
01510 -252507625 0 0 0 0 0
01511 0050591722 0 0 0 0 0
01512 0351594752 0 0 0 0 0
01513 0016252423 0 0 0 0 0
01514 000-195817 0 0 0 0 0
01515 -135991265 0 0 0 0 0
01516 -135007228 0 0 0 0 0
01517 0219941620 0 0 0 0 0
01518 -402913777 0 0 0 0 0
01519 -606004478 0 0 0 0 0
01520 0553319943 0 0 0 0 0
01521 -303300103 0 0 0 0 0
01522 0270209021 0 0 0 0 0
01523 -185472789 0 0 0 0 0
01524 -268363508 0 0 0 0 0
01525 0066649109 0 0 0 0 0
01526 -534057233 0 0 0 0 0
01527 -201067002 0 0 0 0 0
01528 0150602491 0 0 0 0 0
01529 -370211061 0 0 0 0 0
01530 -150273011 0 0 0 0 0
01531 -100272136 0 0 0 0 0
01532 0285477118 0 0 0 0 0
01533 0-84082168 0 0 0 0 0
01534 -285149450 0 0 0 0 0
01535 0452656633 0 0 0 0 0
01536 -101587443 0 0 0 0 0
01537 0132390658 0 0 0 0 0
01538 0149615384 0 0 0 0 0
01539 -166333958 0 0 0 0 0
01540 -687403007 0 0 0 0 0
01541 -184148742 0 0 0 0 0
01542 0419157498 0 0 0 0 0
01543 0-15730178 0 0 0 0 0
01544 0554164483 0 0 0 0 0
01545 -552343796 0 0 0 0 0
01546 -200339990 0 0 0 0 0
01547 -235865839 0 0 0 0 0
01548 0100077318 0 0 0 0 0
01549 0-83885568 0 0 0 0 0
01550 -149097466 0 0 0 0 0
01551 0-32049924 0 0 0 0 0
01552 -151659269 0 0 0 0 0
01553 0049484819 0 0 0 0 0
01554 0-66319635 0 0 0 0 0
01555 0755031779 0 0 0 0 0
01556 -236318187 0 0 0 0 0
01557 -117634317 0 0 0 0 0
01558 0102232822 0 0 0 0 0
01559 0015792654 0 0 0 0 0
01560 -854589952 0 0 0 0 0
01561 0217852661 0 0 0 0 0
01562 0-51055871 0 0 0 0 0
01563 -201850614 0 0 0 0 0
01564 0150274569 0 0 0 0 0
01565 0117371674 0 0 0 0 0
01566 -119016959 0 0 0 0 0
01567 0000-65267 0 0 0 0 0
01568 0520026598 0 0 0 0 0
01569 0352518124 0 0 0 0 0
01570 0048755986 0 0 0 0 0
01571 0317652987 0 0 0 0 0
01572 -336921056 0 0 0 0 0
01573 0552991744 0 0 0 0 0
01574 0-14425102 0 0 0 0 0
01575 -121236477 0 0 0 0 0
01576 0352455422 0 0 0 0 0
01577 -285999596 0 0 0 0 0
01578 0-15863785 0 0 0 0 0
01579 0-67112475 0 0 0 0 0
01580 -554299633 0 0 0 0 0
01581 -149221131 0 0 0 0 0
01582 -670098698 0 0 0 0 0
01583 0083824103 0 0 0 0 0
01584 0085131263 0 0 0 0 0
01585 0098363401 0 0 0 0 0
01586 0-84078828 0 0 0 0 0
01587 0067237347 0 0 0 0 0
01588 -253164780 0 0 0 0 0
01589 0200938521 0 0 0 0 0
01590 -116652299 0 0 0 0 0
01591 0200137709 0 0 0 0 0
01592 0018484980 0 0 0 0 0
01593 0352318742 0 0 0 0 0
01594 0018082529 0 0 0 0 0
01595 000-528143 0 0 0 0 0
01596 0435614238 0 0 0 0 0
01597 -284423703 0 0 0 0 0
01598 0218761465 0 0 0 0 0
01599 -203816707 0 0 0 0 0
01600 0603056663 0 0 0 0 0
01601 0-31727621 0 0 0 0 0
01602 -132846348 0 0 0 0 0
01603 0420805644 0 0 0 0 0
01604 0182180345 0 0 0 0 0
01605 0219028489 0 0 0 0 0
01606 0653052901 0 0 0 0 0
01607 -216857082 0 0 0 0 0
01608 0-32177958 0 0 0 0 0
01609 -504351518 0 0 0 0 0
01610 0286200566 0 0 0 0 0
01611 -168424206 0 0 0 0 0
01612 -100800749 0 0 0 0 0
01613 -118093824 0 0 0 0 0
01614 0604175097 0 0 0 0 0
01615 0233307653 0 0 0 0 0
01616 -219550723 0 0 0 0 0
01617 -134216150 0 0 0 0 0
01618 0001573854 0 0 0 0 0
01619 -235600384 0 0 0 0 0
01620 0052165368 0 0 0 0 0
01621 -202436382 0 0 0 0 0
01622 0502853916 0 0 0 0 0
01623 0100338135 0 0 0 0 0
01624 0402391550 0 0 0 0 0
01625 0-51641350 0 0 0 0 0
01626 0135860965 0 0 0 0 0
01627 -387120921 0 0 0 0 0
01628 -185987307 0 0 0 0 0
01629 -218494178 0 0 0 0 0
01630 -116653828 0 0 0 0 0
01631 0-17765389 0 0 0 0 0
01632 -401209583 0 0 0 0 0
01633 -552466202 0 0 0 0 0
01634 0017837820 0 0 0 0 0
01635 0083294459 0 0 0 0 0
01636 0052358893 0 0 0 0 0
01637 -353106181 0 0 0 0 0
01638 0-67242742 0 0 0 0 0
01639 0400167678 0 0 0 0 0
01640 0184421132 0 0 0 0 0
01641 0-82517012 0 0 0 0 0
01642 0434437877 0 0 0 0 0
01643 0202572010 0 0 0 0 0
01644 -300609806 0 0 0 0 0
01645 -168355109 0 0 0 0 0
01646 -101776364 0 0 0 0 0
01647 -387054581 0 0 0 0 0
01648 -117888521 0 0 0 0 0
01649 0485028862 0 0 0 0 0
01650 0017303038 0 0 0 0 0
01651 -368568587 0 0 0 0 0
01652 0352186362 0 0 0 0 0
01653 0435871258 0 0 0 0 0
01654 0066443264 0 0 0 0 0
01655 0537521664 0 0 0 0 0
01656 -201260785 0 0 0 0 0
01657 -167839010 0 0 0 0 0
01658 -268565234 0 0 0 0 0
01659 -132900114 0 0 0 0 0
01660 -101903628 0 0 0 0 0
01661 -149617164 0 0 0 0 0
01662 -252244484 0 0 0 0 0
01663 0-99556346 0 0 0 0 0
01664 0170064894 0 0 0 0 0
01665 0166848249 0 0 0 0 0
01666 0-17368319 0 0 0 0 0
01667 0168160776 0 0 0 0 0
01668 0169084399 0 0 0 0 0
01669 0032898305 0 0 0 0 0
01670 0185004006 0 0 0 0 0
01671 -437582315 0 0 0 0 0
01672 0-16314121 0 0 0 0 0
01673 0083888134 0 0 0 0 0
01674 -505219584 0 0 0 0 0
01675 0-16448738 0 0 0 0 0
01676 0032444137 0 0 0 0 0
01677 -117374197 0 0 0 0 0
01678 0067767277 0 0 0 0 0
01679 0302250741 0 0 0 0 0
01680 0015729650 0 0 0 0 0
01681 -671350517 0 0 0 0 0
01682 -149882879 0 0 0 0 0
01683 0167899658 0 0 0 0 0
01684 0017635072 0 0 0 0 0
01685 0149877227 0 0 0 0 0
01686 -201129960 0 0 0 0 0
01687 0033551847 0 0 0 0 0
01688 0-50327553 0 0 0 0 0
01689 0016120610 0 0 0 0 0
01690 0554495724 0 0 0 0 0
01691 0-98963240 0 0 0 0 0
01692 0216331776 0 0 0 0 0
01693 -135130870 0 0 0 0 0
01694 0-15200516 0 0 0 0 0
01695 0066065868 0 0 0 0 0
01696 -370016758 0 0 0 0 0
01697 0085718795 0 0 0 0 0
01698 0-33620989 0 0 0 0 0
01699 0099289860 0 0 0 0 0
01700 -401736966 0 0 0 0 0
01701 0135460608 0 0 0 0 0
01702 0185003243 0 0 0 0 0
01703 -403573476 0 0 0 0 0
01704 -101252855 0 0 0 0 0
01705 -470937821 0 0 0 0 0
01706 0521006862 0 0 0 0 0
01707 -368713228 0 0 0 0 0
01708 -167704815 0 0 0 0 0
01709 0252243188 0 0 0 0 0
01710 -520749026 0 0 0 0 0
01711 0-50913549 0 0 0 0 0
01712 0619048718 0 0 0 0 0
01713 -470222071 0 0 0 0 0
01714 0316475159 0 0 0 0 0
01715 -286387713 0 0 0 0 0
01716 0050069503 0 0 0 0 0
01717 -116385797 0 0 0 0 0
01718 0-34600972 0 0 0 0 0
01719 0118751462 0 0 0 0 0
01720 0133886211 0 0 0 0 0
01721 0351596319 0 0 0 0 0
01722 -251065361 0 0 0 0 0
01723 0484765428 0 0 0 0 0
01724 -385020675 0 0 0 0 0
01725 0335413501 0 0 0 0 0
01726 0-50197028 0 0 0 0 0
01727 0050462732 0 0 0 0 0
01728 0234225899 0 0 0 0 0
01729 -132715518 0 0 0 0 0
01730 0150276100 0 0 0 0 0
01731 0150333953 0 0 0 0 0
01732 0252047359 0 0 0 0 0
01733 -587526660 0 0 0 0 0
01734 0-33683192 0 0 0 0 0
01735 0284952316 0 0 0 0 0
01736 -385089047 0 0 0 0 0
01737 -219084037 0 0 0 0 0
01738 0134352638 0 0 0 0 0
01739 0133045762 0 0 0 0 0
01740 -251134993 0 0 0 0 0
01741 0101250047 0 0 0 0 0
01742 0790547684 0 0 0 0 0
01743 0016185096 0 0 0 0 0
01744 0317849572 0 0 0 0 0
01745 0082508311 0 0 0 0 0
01746 0100402942 0 0 0 0 0
01747 -150928392 0 0 0 0 0
01748 0-50069776 0 0 0 0 0
01749 0303495431 0 0 0 0 0
01750 -219092996 0 0 0 0 0
01751 -300674045 0 0 0 0 0
01752 0268631532 0 0 0 0 0
01753 0-49410579 0 0 0 0 0
01754 0-66979601 0 0 0 0 0
01755 0200276223 0 0 0 0 0
01756 -654632446 0 0 0 0 0
01757 -118943498 0 0 0 0 0
01758 0169343228 0 0 0 0 0
01759 -132774405 0 0 0 0 0
01760 -185007375 0 0 0 0 0
01761 -219474932 0 0 0 0 0
01762 -319555826 0 0 0 0 0
01763 0234552069 0 0 0 0 0
01764 0151190791 0 0 0 0 0
01765 0-17498339 0 0 0 0 0
01766 0-34212638 0 0 0 0 0
01767 0152698104 0 0 0 0 0
01768 -101775131 0 0 0 0 0
01769 0015924493 0 0 0 0 0
01770 -417661165 0 0 0 0 0
01771 -302381063 0 0 0 0 0
01772 -187887583 0 0 0 0 0
01773 -184616681 0 0 0 0 0
01774 0034990584 0 0 0 0 0
01775 -183496967 0 0 0 0 0
01776 0050007040 0 0 0 0 0
01777 0-34146571 0 0 0 0 0
01778 0102497509 0 0 0 0 0
01779 0065530638 0 0 0 0 0
01780 0199952392 0 0 0 0 0
01781 -220978660 0 0 0 0 0
01782 0538176242 0 0 0 0 0
01783 0-50529532 0 0 0 0 0
01784 0453828339 0 0 0 0 0
01785 -470278408 0 0 0 0 0
01786 0049938410 0 0 0 0 0
01787 0016586250 0 0 0 0 0
01788 -470418448 0 0 0 0 0
01789 -134214897 0 0 0 0 0
01790 0051641622 0 0 0 0 0
01791 000-335371 0 0 0 0 0
01792 -654241774 0 0 0 0 0
01793 0083037684 0 0 0 0 0
01794 0-82116848 0 0 0 0 0
01795 -151715345 0 0 0 0 0
01796 0-16587262 0 0 0 0 0
01797 0-84608988 0 0 0 0 0
01798 0301334288 0 0 0 0 0
01799 0251586033 0 0 0 0 0
01800 -150470908 0 0 0 0 0
01801 -250604041 0 0 0 0 0
01802 0015992056 0 0 0 0 0
01803 0101454581 0 0 0 0 0
01804 0235132626 0 0 0 0 0
01805 0-49408766 0 0 0 0 0
01806 0304079342 0 0 0 0 0
01807 -354284029 0 0 0 0 0
01808 0084476662 0 0 0 0 0
01809 0134348004 0 0 0 0 0
01810 0133697289 0 0 0 0 0
01811 -168366849 0 0 0 0 0
01812 -352181244 0 0 0 0 0
01813 -333444900 0 0 0 0 0
01814 0034467320 0 0 0 0 0
01815 0033032710 0 0 0 0 0
01816 0402910734 0 0 0 0 0
01817 0016185311 0 0 0 0 0
01818 -117765105 0 0 0 0 0
01819 -253560576 0 0 0 0 0
01820 0235017486 0 0 0 0 0
01821 -435161085 0 0 0 0 0
01822 -167709190 0 0 0 0 0
01823 -720960479 0 0 0 0 0
01824 0218820589 0 0 0 0 0
01825 -335535868 0 0 0 0 0
01826 0099353857 0 0 0 0 0
01827 0418505459 0 0 0 0 0
01828 0167772677 0 0 0 0 0
01829 -284360974 0 0 0 0 0
01830 0051384837 0 0 0 0 0
01831 0030601473 0 0 0 0 0
01832 0133699065 0 0 0 0 0
01833 00-1044743 0 0 0 0 0
01834 0504166390 0 0 0 0 0
01835 -521404168 0 0 0 0 0
01836 0167250175 0 0 0 0 0
01837 -386067695 0 0 0 0 0
01838 0098893818 0 0 0 0 0
01839 0584971547 0 0 0 0 0
01840 -167506196 0 0 0 0 0
01841 0552927726 0 0 0 0 0
01842 -418703881 0 0 0 0 0
01843 0098173173 0 0 0 0 0
01844 -236713176 0 0 0 0 0
01845 0151525344 0 0 0 0 0
01846 0-34926347 0 0 0 0 0
01847 0166919943 0 0 0 0 0
01848 -218822400 0 0 0 0 0
01849 -150466060 0 0 0 0 0
01850 -284625924 0 0 0 0 0
01851 -150662945 0 0 0 0 0
01852 0368183327 0 0 0 0 0
01853 0116644096 0 0 0 0 0
01854 0-49206551 0 0 0 0 0
01855 -304087816 0 0 0 0 0
01856 0469502715 0 0 0 0 0
01857 -586213621 0 0 0 0 0
01858 0403503061 0 0 0 0 0
01859 -201523957 0 0 0 0 0
01860 0-83886347 0 0 0 0 0
01861 0187296239 0 0 0 0 0
01862 -102169076 0 0 0 0 0
01863 0-32046085 0 0 0 0 0
01864 -186390789 0 0 0 0 0
01865 -116128750 0 0 0 0 0
01866 0401611512 0 0 0 0 0
01867 0-83894293 0 0 0 0 0
01868 0050986266 0 0 0 0 0
01869 0167956734 0 0 0 0 0
01870 0016973851 0 0 0 0 0
01871 0086505198 0 0 0 0 0
01872 0134080706 0 0 0 0 0
01873 -286457318 0 0 0 0 0
01874 -201520099 0 0 0 0 0
01875 0117965562 0 0 0 0 0
01876 0267055103 0 0 0 0 0
01877 -317065204 0 0 0 0 0
01878 0436728562 0 0 0 0 0
01879 0034338771 0 0 0 0 0
01880 0116589831 0 0 0 0 0
01881 0152504808 0 0 0 0 0
01882 0234877930 0 0 0 0 0
01883 -369429482 0 0 0 0 0
01884 0537981929 0 0 0 0 0
01885 -250351367 0 0 0 0 0
01886 0015273493 0 0 0 0 0
01887 -183896592 0 0 0 0 0
01888 0030733841 0 0 0 0 0
01889 0889982717 0 0 0 0 0
01890 -218180352 0 0 0 0 0
01891 -552798967 0 0 0 0 0
01892 0-50331875 0 0 0 0 0
01893 0453833978 0 0 0 0 0
01894 0266988052 0 0 0 0 0
01895 0267323628 0 0 0 0 0
01896 0368368393 0 0 0 0 0
01897 0-68550143 0 0 0 0 0
01898 -119011035 0 0 0 0 0
01899 -183438591 0 0 0 0 0
01900 0150604264 0 0 0 0 0
01901 -286385891 0 0 0 0 0
01902 -100466465 0 0 0 0 0
01903 0152824074 0 0 0 0 0
01904 0084150245 0 0 0 0 0
01905 -251662066 0 0 0 0 0
01906 -287301116 0 0 0 0 0
01907 0017229829 0 0 0 0 0
01908 0452993534 0 0 0 0 0
01909 -336798222 0 0 0 0 0
01910 -117371643 0 0 0 0 0
01911 0199950097 0 0 0 0 0
01912 0202047777 0 0 0 0 0
01913 -705755679 0 0 0 0 0
01914 -100394768 0 0 0 0 0
01915 0132513024 0 0 0 0 0
01916 0367990030 0 0 0 0 0
01917 0016059387 0 0 0 0 0
01918 -454946573 0 0 0 0 0
01919 0117111596 0 0 0 0 0
01920 0-16908541 0 0 0 0 0
01921 -435684105 0 0 0 0 0
01922 0369558514 0 0 0 0 0
01923 -366861323 0 0 0 0 0
01924 -486411028 0 0 0 0 0
01925 0135266310 0 0 0 0 0
01926 0149159651 0 0 0 0 0
01927 0117511435 0 0 0 0 0
01928 -469240087 0 0 0 0 0
01929 0047519500 0 0 0 0 0
01930 -387117807 0 0 0 0 0
01931 -266993139 0 0 0 0 0
01932 -420151013 0 0 0 0 0
01933 -167578368 0 0 0 0 0
01934 0-31715846 0 0 0 0 0
01935 0033159661 0 0 0 0 0
01936 -117245424 0 0 0 0 0
01937 0034204415 0 0 0 0 0
01938 -318897912 0 0 0 0 0
01939 -250935816 0 0 0 0 0
01940 -150332153 0 0 0 0 0
01941 0200661742 0 0 0 0 0
01942 0-17887987 0 0 0 0 0
01943 0-81982470 0 0 0 0 0
01944 0116454378 0 0 0 0 0
01945 -150931951 0 0 0 0 0
01946 0168363770 0 0 0 0 0
01947 0285669380 0 0 0 0 0
01948 0065075438 0 0 0 0 0
01949 0-65139215 0 0 0 0 0
01950 0030866434 0 0 0 0 0
01951 0068939281 0 0 0 0 0
01952 -655682806 0 0 0 0 0
01953 0150338309 0 0 0 0 0
01954 0133890826 0 0 0 0 0
01955 -386204148 0 0 0 0 0
01956 -250942709 0 0 0 0 0
01957 0118235875 0 0 0 0 0
01958 0301136364 0 0 0 0 0
01959 -568388349 0 0 0 0 0
01960 0182782707 0 0 0 0 0
01961 -454556665 0 0 0 0 0
01962 0235670517 0 0 0 0 0
01963 0118030327 0 0 0 0 0
01964 -535763733 0 0 0 0 0
01965 0337123331 0 0 0 0 0
01966 -253626630 0 0 0 0 0
01967 0-33617391 0 0 0 0 0
01968 0-84542469 0 0 0 0 0
01969 0135133688 0 0 0 0 0
01970 0151588827 0 0 0 0 0
01971 -218623263 0 0 0 0 0
01972 0017301515 0 0 0 0 0
01973 -536416754 0 0 0 0 0
01974 0151588089 0 0 0 0 0
01975 -370602518 0 0 0 0 0
01976 0169806089 0 0 0 0 0
01977 -419300122 0 0 0 0 0
01978 -164493064 0 0 0 0 0
01979 0535683319 0 0 0 0 0
01980 0067825421 0 0 0 0 0
01981 0084871917 0 0 0 0 0
01982 0-15801881 0 0 0 0 0
01983 0033619707 0 0 0 0 0
01984 0-49215257 0 0 0 0 0
01985 -100731141 0 0 0 0 0
01986 0235470074 0 0 0 0 0
01987 0148706547 0 0 0 0 0
01988 0166785058 0 0 0 0 0
01989 0016909329 0 0 0 0 0
01990 0014606349 0 0 0 0 0
01991 000-530939 0 0 0 0 0
01992 -232716527 0 0 0 0 0
01993 0183827447 0 0 0 0 0
01994 0-82838259 0 0 0 0 0
01995 0-50796039 0 0 0 0 0
01996 0119141900 0 0 0 0 0
01997 0453568732 0 0 0 0 0
01998 0418376459 0 0 0 0 0
01999 0118551789 0 0 0 0 0
02000 -501747726 0 0 0 0 0
02001 0-16050179 0 0 0 0 0
02002 -419754761 0 0 0 0 0
02003 -166984185 0 0 0 0 0
02004 -167639044 0 0 0 0 0
02005 -318895364 0 0 0 0 0
02006 0-16707084 0 0 0 0 0
02007 0266788623 0 0 0 0 0
02008 -200204546 0 0 0 0 0
02009 0164892934 0 0 0 0 0
02010 0017692904 0 0 0 0 0
02011 0200144398 0 0 0 0 0
02012 0014679318 0 0 0 0 0
02013 0319821055 0 0 0 0 0
02014 -321725960 0 0 0 0 0
02015 -234677482 0 0 0 0 0
02016 -149288703 0 0 0 0 0
02017 0336649468 0 0 0 0 0
02018 -284885509 0 0 0 0 0
02019 -100855811 0 0 0 0 0
02020 -217384446 0 0 0 0 0
02021 0084087278 0 0 0 0 0
02022 0018610145 0 0 0 0 0
02023 0-67890706 0 0 0 0 0
02024 -470671102 0 0 0 0 0
02025 -117435916 0 0 0 0 0
02026 -302508822 0 0 0 0 0
02027 0102825473 0 0 0 0 0
02028 0267060471 0 0 0 0 0
02029 0084535828 0 0 0 0 0
02030 -235408165 0 0 0 0 0
02031 0034472968 0 0 0 0 0
02032 -403298821 0 0 0 0 0
02033 0066058242 0 0 0 0 0
02034 0001115650 0 0 0 0 0
02035 0101051364 0 0 0 0 0
02036 0-49285091 0 0 0 0 0
02037 0-33944088 0 0 0 0 0
02038 0-84732166 0 0 0 0 0
02039 0-67699473 0 0 0 0 0
02040 -417724909 0 0 0 0 0
02041 -403240953 0 0 0 0 0
02042 0235661047 0 0 0 0 0
02043 -402057456 0 0 0 0 0
02044 0151316221 0 0 0 0 0
02045 0-85524223 0 0 0 0 0
02046 0082575885 0 0 0 0 0
02047 -166785546 0 0 0 0 0
  0 0 0 0 0
