00000 0000065509
00001 0000060952
00002 0000056678
00003 0000062174
00004 0000062737
00005 0000007778
00006 0000005046
00007 0000062451
00008 0000064660
00009 0000003770
00010 0000007043
00011 0000061781
00012 0000058985
00013 0000063089
00014 0000061817
00015 0000002523
00016 0000057651
00017 0000060224
00018 0000059024
00019 0000058892
00020 0000061284
00021 0000058708
00022 0000007448
00023 0000001098
00024 0000065231
00025 0000065480
00026 0000061172
00027 0000000823
00028 0000007092
00029 0000063275
00030 0000060721
00031 0000064274
00032 0000001462
00033 0000064288
00034 0000064440
00035 0000062377
00036 0000002066
00037 0000001327
00038 0000001235
00039 0000009745
00040 0000063566
00041 0000006303
00042 0000005410
00043 0000056511
00044 0000004522
00045 0000064962
00046 0000065349
00047 0000004155
00048 0000000301
00049 0000060096
00050 0000003095
00051 0000004951
00052 0000064769
00053 0000054699
00054 0000004439
00055 0000003323
00056 0000048923
00057 0000003745
00058 0000062722
00059 0000000654
00060 0000063838
00061 0000002360
00062 0000065149
00063 0000001976
00064 0000065492
00065 0000054025
00066 0000057551
00067 0000005905
00068 0000004721
00069 0000061135
00070 0000006394
00071 0000005322
00072 0000061221
00073 0000000148
00074 0000064359
00075 0000060926
00076 0000060432
00077 0000000205
00078 0000007111
00079 0000004391
00080 0000000780
00081 0000064538
00082 0000064151
00083 0000007251
00084 0000001880
00085 0000058010
00086 0000010355
00087 0000004866
00088 0000061137
00089 0000001689
00090 0000062951
00091 0000060460
00092 0000064960
00093 0000002436
00094 0000002562
00095 0000002827
00096 0000062755
00097 0000006098
00098 0000002291
00099 0000002915
00100 0000009281
00101 0000001152
00102 0000059737
00103 0000065012
00104 0000056439
00105 0000060301
00106 0000001669
00107 0000061714
00108 0000056788
00109 0000063077
00110 0000002438
00111 0000063800
00112 0000056789
00113 0000065419
00114 0000064364
00115 0000001169
00116 0000004806
00117 0000001504
00118 0000061439
00119 0000065194
00120 0000001730
00121 0000058992
00122 0000007013
00123 0000007814
00124 0000062046
00125 0000000392
00126 0000060227
00127 0000000499
00128 0000003404
00129 0000007550
00130 0000011903
00131 0000065224
00132 0000058527
00133 0000063430
00134 0000062782
00135 0000002196
00136 0000065205
00137 0000061895
00138 0000008435
00139 0000064961
00140 0000061722
00141 0000063306
00142 0000057471
00143 0000063794
00144 0000002403
00145 0000061373
00146 0000062660
00147 0000060593
00148 0000063118
00149 0000004626
00150 0000064577
00151 0000006616
00152 0000000435
00153 0000003026
00154 0000060894
00155 0000002566
00156 0000064753
00157 0000004992
00158 0000004289
00159 0000003013
00160 0000002792
00161 0000058626
00162 0000002937
00163 0000012555
00164 0000004650
00165 0000000752
00166 0000000784
00167 0000064761
00168 0000000841
00169 0000003973
00170 0000062600
00171 0000000344
00172 0000061363
00173 0000059807
00174 0000005832
00175 0000062464
00176 0000063297
00177 0000006317
00178 0000063629
00179 0000060370
00180 0000058886
00181 0000064684
00182 0000062621
00183 0000061832
00184 0000064555
00185 0000002772
00186 0000002901
00187 0000063176
00188 0000062155
00189 0000062064
00190 0000000967
00191 0000003429
00192 0000062195
00193 0000063993
00194 0000000347
00195 0000005183
00196 0000064886
00197 0000002148
00198 0000009768
00199 0000004111
00200 0000000477
00201 0000001716
00202 0000065404
00203 0000061114
00204 0000004403
00205 0000061298
00206 0000001220
00207 0000010711
00208 0000061725
00209 0000001940
00210 0000061020
00211 0000001007
00212 0000005606
00213 0000003659
00214 0000005362
00215 0000055363
00216 0000007000
00217 0000009623
00218 0000054893
00219 0000005765
00220 0000057108
00221 0000061217
00222 0000006035
00223 0000001063
00224 0000061397
00225 0000059703
00226 0000009983
00227 0000003873
00228 0000064623
00229 0000064430
00230 0000001944
00231 0000002440
00232 0000057373
00233 0000002310
00234 0000000895
00235 0000000789
00236 0000059254
00237 0000000549
00238 0000002860
00239 0000003923
00240 0000065490
00241 0000062135
00242 0000063365
00243 0000010455
00244 0000004702
00245 0000058158
00246 0000063577
00247 0000003844
00248 0000004668
00249 0000004658
00250 0000003101
00251 0000001894
00252 0000062328
00253 0000062312
00254 0000001669
00255 0000004391
00256 0000061681
00257 0000001995
00258 0000052974
00259 0000063233
00260 0000064812
00261 0000002202
00262 0000005324
00263 0000005375
00264 0000003443
00265 0000064039
00266 0000065211
00267 0000057861
00268 0000062329
00269 0000000035
00270 0000062218
00271 0000055440
00272 0000064011
00273 0000001633
00274 0000001341
00275 0000061214
00276 0000059462
00277 0000064942
00278 0000000293
00279 0000004417
00280 0000001952
00281 0000002478
00282 0000063478
00283 0000062662
00284 0000063055
00285 0000060895
00286 0000002037
00287 0000009190
00288 0000002304
00289 0000001620
00290 0000064088
00291 0000002472
00292 0000061098
00293 0000002622
00294 0000062110
00295 0000061253
00296 0000006825
00297 0000003170
00298 0000061730
00299 0000064170
00300 0000000078
00301 0000007090
00302 0000000949
00303 0000065058
00304 0000001669
00305 0000054856
00306 0000001183
00307 0000060684
00308 0000000400
00309 0000005146
00310 0000062448
00311 0000001819
00312 0000061732
00313 0000057503
00314 0000059929
00315 0000063487
00316 0000000347
00317 0000000632
00318 0000004488
00319 0000063072
00320 0000010335
00321 0000060621
00322 0000061280
00323 0000005417
00324 0000001353
00325 0000060032
00326 0000063887
00327 0000065465
00328 0000002809
00329 0000004773
00330 0000063134
00331 0000006533
00332 0000000828
00333 0000004520
00334 0000004805
00335 0000062690
00336 0000064515
00337 0000005556
00338 0000064101
00339 0000063510
00340 0000061371
00341 0000062302
00342 0000006608
00343 0000015035
00344 0000001061
00345 0000062439
00346 0000006721
00347 0000002769
00348 0000050023
00349 0000004238
00350 0000064310
00351 0000063402
00352 0000064507
00353 0000001043
00354 0000063243
00355 0000004788
00356 0000001614
00357 0000064276
00358 0000003371
00359 0000063151
00360 0000003120
00361 0000058674
00362 0000005193
00363 0000007192
00364 0000056781
00365 0000001951
00366 0000001001
00367 0000061075
00368 0000064845
00369 0000063423
00370 0000060372
00371 0000001998
00372 0000004338
00373 0000002541
00374 0000059474
00375 0000063535
00376 0000059896
00377 0000005223
00378 0000062979
00379 0000063557
00380 0000002532
00381 0000064258
00382 0000061210
00383 0000065279
00384 0000062327
00385 0000065169
00386 0000002059
00387 0000065497
00388 0000062306
00389 0000065030
00390 0000002983
00391 0000064485
00392 0000062585
00393 0000055502
00394 0000000841
00395 0000004523
00396 0000064938
00397 0000061207
00398 0000004061
00399 0000002385
00400 0000004568
00401 0000060256
00402 0000065112
00403 0000009973
00404 0000002236
00405 0000061749
00406 0000003413
00407 0000065325
00408 0000057731
00409 0000007025
00410 0000001630
00411 0000005266
00412 0000054162
00413 0000063886
00414 0000063837
00415 0000065177
00416 0000063138
00417 0000004615
00418 0000062539
00419 0000005281
00420 0000007825
00421 0000060131
00422 0000005831
00423 0000002160
00424 0000063575
00425 0000061551
00426 0000006234
00427 0000062674
00428 0000000375
00429 0000009215
00430 0000005842
00431 0000010209
00432 0000000468
00433 0000060296
00434 0000063373
00435 0000056645
00436 0000059923
00437 0000004157
00438 0000065465
00439 0000062816
00440 0000063026
00441 0000061935
00442 0000002507
00443 0000004716
00444 0000005760
00445 0000002888
00446 0000001466
00447 0000003376
00448 0000064883
00449 0000059409
00450 0000061789
00451 0000056337
00452 0000056999
00453 0000062871
00454 0000059820
00455 0000058733
00456 0000063126
00457 0000055073
00458 0000062260
00459 0000000020
00460 0000058016
00461 0000002082
00462 0000061291
00463 0000001505
00464 0000005227
00465 0000002166
00466 0000064951
00467 0000003012
00468 0000064678
00469 0000001474
00470 0000004097
00471 0000002801
00472 0000059350
00473 0000059860
00474 0000003199
00475 0000002148
00476 0000057001
00477 0000001163
00478 0000005699
00479 0000001235
00480 0000009798
00481 0000058205
00482 0000057693
00483 0000004204
00484 0000060306
00485 0000062518
00486 0000056687
00487 0000063078
00488 0000059396
00489 0000058290
00490 0000061190
00491 0000005066
00492 0000002810
00493 0000062380
00494 0000063903
00495 0000062022
00496 0000062192
00497 0000064329
00498 0000002070
00499 0000065272
00500 0000060353
00501 0000061947
00502 0000059367
00503 0000065407
00504 0000062663
00505 0000063464
00506 0000063236
00507 0000065532
00508 0000007312
00509 0000001116
00510 0000004163
00511 0000004214
00512 0000064783
00513 0000061417
00514 0000004080
00515 0000000570
00516 0000063886
00517 0000005140
00518 0000006059
00519 0000005980
00520 0000006681
00521 0000065097
00522 0000001864
00523 0000064339
00524 0000002374
00525 0000063923
00526 0000006543
00527 0000000615
00528 0000004869
00529 0000001673
00530 0000003489
00531 0000001988
00532 0000058343
00533 0000005501
00534 0000064803
00535 0000060556
00536 0000062608
00537 0000062372
00538 0000063060
00539 0000059619
00540 0000006533
00541 0000002692
00542 0000062332
00543 0000064939
00544 0000008677
00545 0000000416
00546 0000002980
00547 0000000479
00548 0000004115
00549 0000002835
00550 0000059991
00551 0000061959
00552 0000063506
00553 0000000231
00554 0000005546
00555 0000055318
00556 0000060724
00557 0000061711
00558 0000060627
00559 0000001389
00560 0000056301
00561 0000065136
00562 0000065493
00563 0000061234
00564 0000065262
00565 0000065333
00566 0000001504
00567 0000004309
00568 0000009677
00569 0000001343
00570 0000061930
00571 0000008152
00572 0000000853
00573 0000006142
00574 0000003569
00575 0000003720
00576 0000006413
00577 0000000292
00578 0000004253
00579 0000063156
00580 0000000712
00581 0000001168
00582 0000062595
00583 0000001487
00584 0000061656
00585 0000058389
00586 0000062088
00587 0000012582
00588 0000004850
00589 0000003877
00590 0000063820
00591 0000061871
00592 0000003847
00593 0000007262
00594 0000004723
00595 0000001217
00596 0000060819
00597 0000057710
00598 0000012541
00599 0000010633
00600 0000004653
00601 0000002122
00602 0000061092
00603 0000002043
00604 0000010292
00605 0000003581
00606 0000060562
00607 0000006168
00608 0000061347
00609 0000063309
00610 0000064145
00611 0000063598
00612 0000015027
00613 0000060343
00614 0000063090
00615 0000002705
00616 0000000047
00617 0000060232
00618 0000005874
00619 0000002060
00620 0000003425
00621 0000001050
00622 0000007035
00623 0000000251
00624 0000061568
00625 0000057763
00626 0000055148
00627 0000001857
00628 0000011717
00629 0000004824
00630 0000001814
00631 0000058378
00632 0000008350
00633 0000058845
00634 0000007434
00635 0000003467
00636 0000000363
00637 0000000690
00638 0000002240
00639 0000064709
00640 0000059111
00641 0000058686
00642 0000063533
00643 0000058929
00644 0000062900
00645 0000065500
00646 0000064898
00647 0000004582
00648 0000060685
00649 0000061690
00650 0000005855
00651 0000005480
00652 0000056631
00653 0000000632
00654 0000059876
00655 0000002106
00656 0000054547
00657 0000059535
00658 0000001382
00659 0000060737
00660 0000065461
00661 0000004242
00662 0000001239
00663 0000062419
00664 0000001928
00665 0000002184
00666 0000060051
00667 0000003259
00668 0000061196
00669 0000059192
00670 0000065215
00671 0000010092
00672 0000005261
00673 0000064046
00674 0000013303
00675 0000001591
00676 0000063899
00677 0000003987
00678 0000002400
00679 0000000401
00680 0000000141
00681 0000062716
00682 0000000658
00683 0000061857
00684 0000003989
00685 0000063570
00686 0000065365
00687 0000003112
00688 0000065318
00689 0000008619
00690 0000003547
00691 0000062600
00692 0000063050
00693 0000059138
00694 0000064675
00695 0000002730
00696 0000061841
00697 0000001378
00698 0000059444
00699 0000060330
00700 0000058758
00701 0000062275
00702 0000011580
00703 0000061951
00704 0000053081
00705 0000060641
00706 0000059727
00707 0000002975
00708 0000001946
00709 0000063018
00710 0000001594
00711 0000064819
00712 0000060245
00713 0000003504
00714 0000004139
00715 0000058323
00716 0000001461
00717 0000001838
00718 0000013803
00719 0000062384
00720 0000055777
00721 0000005432
00722 0000061413
00723 0000001672
00724 0000001198
00725 0000006053
00726 0000000253
00727 0000007163
00728 0000001431
00729 0000060692
00730 0000062190
00731 0000055140
00732 0000063211
00733 0000002637
00734 0000060911
00735 0000005617
00736 0000005381
00737 0000060370
00738 0000001921
00739 0000058665
00740 0000007767
00741 0000000685
00742 0000059480
00743 0000003770
00744 0000004834
00745 0000005105
00746 0000002335
00747 0000001765
00748 0000002341
00749 0000060418
00750 0000005907
00751 0000002560
00752 0000000532
00753 0000003616
00754 0000063745
00755 0000057302
00756 0000001901
00757 0000004111
00758 0000003352
00759 0000005359
00760 0000063688
00761 0000060690
00762 0000000952
00763 0000062220
00764 0000004656
00765 0000003205
00766 0000065115
00767 0000003123
00768 0000060804
00769 0000000903
00770 0000003934
00771 0000062600
00772 0000001743
00773 0000063661
00774 0000062805
00775 0000062108
00776 0000058511
00777 0000065198
00778 0000062921
00779 0000051542
00780 0000059896
00781 0000059774
00782 0000064720
00783 0000006730
00784 0000062869
00785 0000065007
00786 0000056097
00787 0000057435
00788 0000004969
00789 0000065322
00790 0000000754
00791 0000062852
00792 0000062238
00793 0000007649
00794 0000003190
00795 0000005390
00796 0000062514
00797 0000000337
00798 0000002503
00799 0000063517
00800 0000062393
00801 0000006100
00802 0000060076
00803 0000001748
00804 0000056421
00805 0000002427
00806 0000012708
00807 0000062413
00808 0000004162
00809 0000065058
00810 0000009108
00811 0000001925
00812 0000001167
00813 0000065319
00814 0000063257
00815 0000065005
00816 0000065135
00817 0000002764
00818 0000000162
00819 0000062472
00820 0000000142
00821 0000058212
00822 0000062038
00823 0000007016
00824 0000008072
00825 0000059547
00826 0000060482
00827 0000063972
00828 0000065472
00829 0000062668
00830 0000061267
00831 0000063052
00832 0000059858
00833 0000062674
00834 0000061972
00835 0000064968
00836 0000003756
00837 0000002559
00838 0000065252
00839 0000002234
00840 0000001089
00841 0000000324
00842 0000064549
00843 0000064670
00844 0000002165
00845 0000003399
00846 0000002222
00847 0000001828
00848 0000062786
00849 0000062052
00850 0000060161
00851 0000010982
00852 0000057095
00853 0000000664
00854 0000053205
00855 0000061530
00856 0000002036
00857 0000065073
00858 0000059798
00859 0000062890
00860 0000005889
00861 0000062819
00862 0000064558
00863 0000065531
00864 0000063458
00865 0000002591
00866 0000001583
00867 0000001160
00868 0000060870
00869 0000008577
00870 0000004540
00871 0000004598
00872 0000003168
00873 0000004176
00874 0000058225
00875 0000001607
00876 0000008981
00877 0000002047
00878 0000060831
00879 0000000917
00880 0000062886
00881 0000004096
00882 0000001662
00883 0000065246
00884 0000060523
00885 0000063421
00886 0000004787
00887 0000002428
00888 0000003240
00889 0000060226
00890 0000003024
00891 0000061093
00892 0000000758
00893 0000062586
00894 0000058652
00895 0000000266
00896 0000063702
00897 0000054852
00898 0000002142
00899 0000061639
00900 0000052560
00901 0000008015
00902 0000000736
00903 0000007549
00904 0000055841
00905 0000056196
00906 0000006899
00907 0000064010
00908 0000005038
00909 0000064816
00910 0000062703
00911 0000005100
00912 0000003307
00913 0000062487
00914 0000060644
00915 0000061996
00916 0000003858
00917 0000059238
00918 0000061233
00919 0000001931
00920 0000059452
00921 0000003178
00922 0000063980
00923 0000000938
00924 0000058236
00925 0000064205
00926 0000003213
00927 0000058885
00928 0000061437
00929 0000007674
00930 0000002415
00931 0000057801
00932 0000059906
00933 0000061812
00934 0000056407
00935 0000008917
00936 0000063196
00937 0000001856
00938 0000000714
00939 0000063915
00940 0000055372
00941 0000000000
00942 0000062802
00943 0000064458
00944 0000004453
00945 0000064849
00946 0000061913
00947 0000002144
00948 0000064487
00949 0000063212
00950 0000005824
00951 0000065044
00952 0000060022
00953 0000062763
00954 0000058787
00955 0000063056
00956 0000065277
00957 0000061860
00958 0000010462
00959 0000060631
00960 0000061253
00961 0000002663
00962 0000056552
00963 0000063034
00964 0000007563
00965 0000053043
00966 0000064799
00967 0000060569
00968 0000062100
00969 0000003050
00970 0000002653
00971 0000060886
00972 0000006251
00973 0000063272
00974 0000060342
00975 0000001011
00976 0000003843
00977 0000000942
00978 0000000847
00979 0000054665
00980 0000001824
00981 0000006357
00982 0000008416
00983 0000001487
00984 0000063290
00985 0000002087
00986 0000059777
00987 0000063469
00988 0000003463
00989 0000003932
00990 0000063006
00991 0000060970
00992 0000004846
00993 0000004731
00994 0000004721
00995 0000004265
00996 0000065104
00997 0000010151
00998 0000000765
00999 0000058258
01000 0000059518
01001 0000063982
01002 0000064402
01003 0000063086
01004 0000003505
01005 0000062293
01006 0000000766
01007 0000007529
01008 0000011232
01009 0000055481
01010 0000001190
01011 0000001970
01012 0000065430
01013 0000001661
01014 0000064385
01015 0000006923
01016 0000062172
01017 0000061308
01018 0000006142
01019 0000000266
01020 0000061067
01021 0000063640
01022 0000003650
01023 0000006093
01024 0000063059
01025 0000003940
01026 0000004968
01027 0000061714
01028 0000062244
01029 0000064712
01030 0000000429
01031 0000062169
01032 0000061344
01033 0000065412
01034 0000062693
01035 0000000228
01036 0000006037
01037 0000065000
01038 0000055404
01039 0000063169
01040 0000003973
01041 0000060231
01042 0000053233
01043 0000003117
01044 0000000956
01045 0000063626
01046 0000000913
01047 0000060556
01048 0000060132
01049 0000061440
01050 0000006154
01051 0000009478
01052 0000054575
01053 0000011860
01054 0000005456
01055 0000063899
01056 0000058799
01057 0000065158
01058 0000001707
01059 0000063778
01060 0000006714
01061 0000065111
01062 0000006976
01063 0000006091
01064 0000053203
01065 0000002662
01066 0000009735
01067 0000065514
01068 0000002300
01069 0000005862
01070 0000065374
01071 0000000450
01072 0000002830
01073 0000061696
01074 0000063659
01075 0000065250
01076 0000064584
01077 0000005529
01078 0000064655
01079 0000000998
01080 0000058504
01081 0000053645
01082 0000002350
01083 0000000086
01084 0000064916
01085 0000065217
01086 0000003407
01087 0000065148
01088 0000011114
01089 0000010733
01090 0000064509
01091 0000000384
01092 0000056267
01093 0000057294
01094 0000063975
01095 0000058083
01096 0000061731
01097 0000004003
01098 0000012782
01099 0000064792
01100 0000063611
01101 0000005178
01102 0000000010
01103 0000061677
01104 0000063472
01105 0000002145
01106 0000003473
01107 0000056559
01108 0000000797
01109 0000006354
01110 0000005789
01111 0000063822
01112 0000000457
01113 0000002602
01114 0000059057
01115 0000063179
01116 0000065204
01117 0000063764
01118 0000059291
01119 0000001576
01120 0000001503
01121 0000064623
01122 0000001658
01123 0000065524
01124 0000062228
01125 0000061036
01126 0000002856
01127 0000057586
01128 0000002389
01129 0000057426
01130 0000060264
01131 0000000616
01132 0000008965
01133 0000060104
01134 0000063291
01135 0000002359
01136 0000000820
01137 0000001566
01138 0000064189
01139 0000006871
01140 0000001600
01141 0000063383
01142 0000002918
01143 0000003270
01144 0000002070
01145 0000059415
01146 0000062736
01147 0000062589
01148 0000002690
01149 0000002761
01150 0000062714
01151 0000001123
01152 0000000256
01153 0000001424
01154 0000064586
01155 0000064826
01156 0000006658
01157 0000000183
01158 0000006437
01159 0000063468
01160 0000001660
01161 0000062634
01162 0000061978
01163 0000004436
01164 0000002879
01165 0000058762
01166 0000062755
01167 0000004458
01168 0000001347
01169 0000058292
01170 0000004097
01171 0000000799
01172 0000060846
01173 0000065310
01174 0000000230
01175 0000004944
01176 0000004038
01177 0000006965
01178 0000002843
01179 0000059271
01180 0000063243
01181 0000003530
01182 0000004030
01183 0000003047
01184 0000000758
01185 0000064995
01186 0000001741
01187 0000065112
01188 0000064189
01189 0000002560
01190 0000065220
01191 0000002240
01192 0000062544
01193 0000059977
01194 0000001827
01195 0000002089
01196 0000000207
01197 0000055588
01198 0000064286
01199 0000002463
01200 0000002150
01201 0000004991
01202 0000005421
01203 0000062021
01204 0000007611
01205 0000001718
01206 0000057663
01207 0000061922
01208 0000060299
01209 0000061986
01210 0000003650
01211 0000006943
01212 0000008519
01213 0000064898
01214 0000002552
01215 0000007605
01216 0000002440
01217 0000003285
01218 0000060514
01219 0000004584
01220 0000002199
01221 0000053328
01222 0000001267
01223 0000004568
01224 0000004007
01225 0000061762
01226 0000060734
01227 0000006727
01228 0000000154
01229 0000000596
01230 0000006282
01231 0000060005
01232 0000061300
01233 0000002273
01234 0000064664
01235 0000062880
01236 0000000379
01237 0000057394
01238 0000004494
01239 0000063282
01240 0000060632
01241 0000059358
01242 0000052731
01243 0000063524
01244 0000001296
01245 0000065083
01246 0000060698
01247 0000063642
01248 0000060696
01249 0000062611
01250 0000001000
01251 0000005303
01252 0000002016
01253 0000000572
01254 0000001855
01255 0000004728
01256 0000000882
01257 0000003940
01258 0000064250
01259 0000062913
01260 0000002129
01261 0000060626
01262 0000064305
01263 0000003984
01264 0000062709
01265 0000005305
01266 0000011533
01267 0000008429
01268 0000000698
01269 0000006594
01270 0000002208
01271 0000062894
01272 0000061648
01273 0000062493
01274 0000003595
01275 0000060286
01276 0000000994
01277 0000062342
01278 0000061466
01279 0000064687
01280 0000059399
01281 0000000769
01282 0000057938
01283 0000003466
01284 0000008493
01285 0000064031
01286 0000001516
01287 0000003911
01288 0000062868
01289 0000064386
01290 0000003591
01291 0000002047
01292 0000003311
01293 0000063741
01294 0000000292
01295 0000057157
01296 0000061176
01297 0000002151
01298 0000002652
01299 0000061326
01300 0000062193
01301 0000004742
01302 0000059725
01303 0000000049
01304 0000059882
01305 0000063186
01306 0000003500
01307 0000003178
01308 0000003402
01309 0000012662
01310 0000006733
01311 0000000628
01312 0000063645
01313 0000064640
01314 0000000763
01315 0000008026
01316 0000010005
01317 0000006669
01318 0000063325
01319 0000063708
01320 0000063442
01321 0000001220
01322 0000061369
01323 0000001680
01324 0000000271
01325 0000057354
01326 0000065275
01327 0000001443
01328 0000063946
01329 0000062695
01330 0000000765
01331 0000062748
01332 0000056636
01333 0000064148
01334 0000065347
01335 0000005877
01336 0000061225
01337 0000004582
01338 0000001986
01339 0000061594
01340 0000008247
01341 0000001268
01342 0000063202
01343 0000063721
01344 0000065052
01345 0000062184
01346 0000005717
01347 0000003610
01348 0000011627
01349 0000064049
01350 0000061397
01351 0000002491
01352 0000054392
01353 0000063247
01354 0000001985
01355 0000062791
01356 0000065333
01357 0000001787
01358 0000061278
01359 0000061405
01360 0000013786
01361 0000063298
01362 0000059739
01363 0000065184
01364 0000058431
01365 0000004018
01366 0000010372
01367 0000064568
01368 0000063519
01369 0000001819
01370 0000061016
01371 0000065436
01372 0000062759
01373 0000001738
01374 0000000600
01375 0000063363
01376 0000004123
01377 0000014778
01378 0000062415
01379 0000060102
01380 0000002622
01381 0000062826
01382 0000009117
01383 0000065347
01384 0000007099
01385 0000065066
01386 0000007395
01387 0000006976
01388 0000064673
01389 0000063937
01390 0000065406
01391 0000060772
01392 0000061526
01393 0000064262
01394 0000057088
01395 0000056154
01396 0000005797
01397 0000065050
01398 0000065214
01399 0000054844
01400 0000063890
01401 0000001122
01402 0000063344
01403 0000008882
01404 0000002193
01405 0000002681
01406 0000065261
01407 0000062340
01408 0000003892
01409 0000061961
01410 0000063667
01411 0000008844
01412 0000057453
01413 0000061991
01414 0000063716
01415 0000000526
01416 0000059261
01417 0000000448
01418 0000002893
01419 0000064742
01420 0000002135
01421 0000064295
01422 0000060503
01423 0000007712
01424 0000064739
01425 0000005204
01426 0000004870
01427 0000001985
01428 0000007395
01429 0000064613
01430 0000062669
01431 0000055783
01432 0000062664
01433 0000058897
01434 0000061453
01435 0000065463
01436 0000001498
01437 0000055507
01438 0000061540
01439 0000062399
01440 0000063848
01441 0000006612
01442 0000062874
01443 0000062699
01444 0000000560
01445 0000003448
01446 0000003603
01447 0000002791
01448 0000061326
01449 0000064581
01450 0000002231
01451 0000065522
01452 0000002892
01453 0000006781
01454 0000001831
01455 0000061661
01456 0000058738
01457 0000004912
01458 0000065057
01459 0000063283
01460 0000063604
01461 0000063102
01462 0000003166
01463 0000002822
01464 0000065245
01465 0000000310
01466 0000061068
01467 0000003506
01468 0000005264
01469 0000001170
01470 0000004880
01471 0000060289
01472 0000064606
01473 0000063769
01474 0000003871
01475 0000001077
01476 0000062314
01477 0000002209
01478 0000062139
01479 0000064788
01480 0000006254
01481 0000062096
01482 0000062569
01483 0000006508
01484 0000000328
01485 0000061034
01486 0000062641
01487 0000000690
01488 0000002320
01489 0000003462
01490 0000059916
01491 0000002717
01492 0000001308
01493 0000001021
01494 0000010410
01495 0000002780
01496 0000061112
01497 0000062397
01498 0000002549
01499 0000004459
01500 0000060110
01501 0000000399
01502 0000058958
01503 0000005506
01504 0000005558
01505 0000058039
01506 0000064325
01507 0000000743
01508 0000003354
01509 0000062552
01510 0000063839
01511 0000008198
01512 0000002680
01513 0000000066
01514 0000000412
01515 0000006152
01516 0000003099
01517 0000004126
01518 0000063845
01519 0000001321
01520 0000009256
01521 0000059329
01522 0000003784
01523 0000059600
01524 0000058142
01525 0000055148
01526 0000059838
01527 0000002525
01528 0000061184
01529 0000054462
01530 0000002947
01531 0000003813
01532 0000008073
01533 0000004897
01534 0000061381
01535 0000004322
01536 0000011285
01537 0000002621
01538 0000058951
01539 0000060225
01540 0000065288
01541 0000008504
01542 0000001723
01543 0000003263
01544 0000003441
01545 0000058999
01546 0000004596
01547 0000063420
01548 0000003107
01549 0000061785
01550 0000063907
01551 0000000434
01552 0000003286
01553 0000055509
01554 0000002369
01555 0000060608
01556 0000065439
01557 0000007060
01558 0000061248
01559 0000058474
01560 0000063552
01561 0000062025
01562 0000000818
01563 0000000351
01564 0000065377
01565 0000064084
01566 0000061229
01567 0000059820
01568 0000063636
01569 0000065021
01570 0000060356
01571 0000000783
01572 0000055995
01573 0000058026
01574 0000065075
01575 0000005238
01576 0000004466
01577 0000004897
01578 0000003030
01579 0000061079
01580 0000060930
01581 0000063774
01582 0000001428
01583 0000063541
01584 0000063425
01585 0000062562
01586 0000061962
01587 0000065368
01588 0000007878
01589 0000010565
01590 0000003412
01591 0000001235
01592 0000002505
01593 0000004277
01594 0000064209
01595 0000000606
01596 0000000117
01597 0000059002
01598 0000003173
01599 0000002334
01600 0000059856
01601 0000058113
01602 0000007162
01603 0000000906
01604 0000061060
01605 0000001808
01606 0000000769
01607 0000006738
01608 0000058170
01609 0000002604
01610 0000001609
01611 0000062795
01612 0000009213
01613 0000007156
01614 0000064687
01615 0000064527
01616 0000065067
01617 0000002288
01618 0000001262
01619 0000001307
01620 0000057306
01621 0000004014
01622 0000004317
01623 0000061133
01624 0000064810
01625 0000063712
01626 0000010983
01627 0000000213
01628 0000062655
01629 0000062822
01630 0000063064
01631 0000006126
01632 0000005509
01633 0000065356
01634 0000057591
01635 0000003691
01636 0000061576
01637 0000060986
01638 0000060991
01639 0000004857
01640 0000003071
01641 0000002670
01642 0000003256
01643 0000060254
01644 0000056675
01645 0000015047
01646 0000007097
01647 0000006649
01648 0000003337
01649 0000065395
01650 0000064199
01651 0000059430
01652 0000060347
01653 0000060631
01654 0000064407
01655 0000003456
01656 0000052376
01657 0000064548
01658 0000064714
01659 0000002403
01660 0000004000
01661 0000059409
01662 0000006811
01663 0000007710
01664 0000065166
01665 0000001414
01666 0000060595
01667 0000001250
01668 0000060392
01669 0000065217
01670 0000015880
01671 0000000400
01672 0000000045
01673 0000063590
01674 0000060766
01675 0000006932
01676 0000000785
01677 0000003468
01678 0000062308
01679 0000059702
01680 0000003535
01681 0000061710
01682 0000062249
01683 0000060562
01684 0000064639
01685 0000063886
01686 0000000975
01687 0000000230
01688 0000000065
01689 0000064151
01690 0000006635
01691 0000065250
01692 0000062389
01693 0000003565
01694 0000012509
01695 0000003052
01696 0000065187
01697 0000001944
01698 0000062835
01699 0000004573
01700 0000056664
01701 0000064710
01702 0000063699
01703 0000058310
01704 0000056162
01705 0000062679
01706 0000065214
01707 0000007527
01708 0000002463
01709 0000006948
01710 0000001946
01711 0000064581
01712 0000003763
01713 0000061138
01714 0000003807
01715 0000009831
01716 0000063533
01717 0000062469
01718 0000063618
01719 0000061930
01720 0000058958
01721 0000061436
01722 0000063896
01723 0000000298
01724 0000065092
01725 0000052887
01726 0000001515
01727 0000006331
01728 0000062724
01729 0000062317
01730 0000061997
01731 0000061636
01732 0000004412
01733 0000064773
01734 0000001426
01735 0000056888
01736 0000061431
01737 0000064753
01738 0000002511
01739 0000000157
01740 0000005795
01741 0000000796
01742 0000003228
01743 0000002065
01744 0000065302
01745 0000063225
01746 0000062982
01747 0000002133
01748 0000003417
01749 0000002955
01750 0000002247
01751 0000007538
01752 0000004570
01753 0000063210
01754 0000062236
01755 0000002458
01756 0000062865
01757 0000065244
01758 0000005669
01759 0000002281
01760 0000010579
01761 0000006004
01762 0000065039
01763 0000059858
01764 0000003876
01765 0000063422
01766 0000002935
01767 0000000635
01768 0000060124
01769 0000002145
01770 0000009783
01771 0000001919
01772 0000002479
01773 0000003463
01774 0000002006
01775 0000061823
01776 0000002571
01777 0000061404
01778 0000065401
01779 0000000181
01780 0000002408
01781 0000002824
01782 0000063517
01783 0000000797
01784 0000002832
01785 0000061265
01786 0000059117
01787 0000006210
01788 0000006292
01789 0000006057
01790 0000001449
01791 0000053338
01792 0000006061
01793 0000058179
01794 0000058838
01795 0000003029
01796 0000055633
01797 0000061633
01798 0000000669
01799 0000000065
01800 0000002933
01801 0000053987
01802 0000064237
01803 0000004566
01804 0000006641
01805 0000005075
01806 0000001246
01807 0000064141
01808 0000060508
01809 0000065240
01810 0000008223
01811 0000000855
01812 0000062319
01813 0000002236
01814 0000005382
01815 0000052708
01816 0000061140
01817 0000062902
01818 0000002474
01819 0000005593
01820 0000062149
01821 0000061149
01822 0000062001
01823 0000059512
01824 0000005829
01825 0000001204
01826 0000064506
01827 0000003334
01828 0000063907
01829 0000061976
01830 0000001888
01831 0000065161
01832 0000005184
01833 0000001583
01834 0000063510
01835 0000060880
01836 0000011824
01837 0000061762
01838 0000061809
01839 0000007082
01840 0000065253
01841 0000062125
01842 0000063957
01843 0000056790
01844 0000065264
01845 0000065222
01846 0000000181
01847 0000060120
01848 0000057261
01849 0000056415
01850 0000001470
01851 0000006216
01852 0000064892
01853 0000005508
01854 0000063903
01855 0000000534
01856 0000064011
01857 0000060366
01858 0000063221
01859 0000061346
01860 0000003422
01861 0000065392
01862 0000060780
01863 0000003937
01864 0000000480
01865 0000001840
01866 0000060785
01867 0000064136
01868 0000060495
01869 0000001149
01870 0000002255
01871 0000058188
01872 0000060419
01873 0000002260
01874 0000001022
01875 0000007494
01876 0000055152
01877 0000002278
01878 0000064650
01879 0000060970
01880 0000060792
01881 0000004327
01882 0000002891
01883 0000063151
01884 0000001782
01885 0000002950
01886 0000063091
01887 0000005273
01888 0000003287
01889 0000002699
01890 0000012037
01891 0000006833
01892 0000006643
01893 0000000916
01894 0000000521
01895 0000061718
01896 0000061465
01897 0000064447
01898 0000005423
01899 0000058180
01900 0000059188
01901 0000000633
01902 0000000853
01903 0000001905
01904 0000064631
01905 0000002652
01906 0000059428
01907 0000003518
01908 0000061859
01909 0000065334
01910 0000004260
01911 0000062359
01912 0000002568
01913 0000063242
01914 0000064655
01915 0000004856
01916 0000056324
01917 0000003973
01918 0000011203
01919 0000059117
01920 0000003330
01921 0000001469
01922 0000005224
01923 0000059243
01924 0000059260
01925 0000062338
01926 0000059728
01927 0000056703
01928 0000002232
01929 0000056899
01930 0000005827
01931 0000004077
01932 0000001972
01933 0000060614
01934 0000000790
01935 0000063165
01936 0000003372
01937 0000008349
01938 0000009417
01939 0000000065
01940 0000063542
01941 0000005378
01942 0000061422
01943 0000005719
01944 0000003917
01945 0000001166
01946 0000061181
01947 0000004636
01948 0000002680
01949 0000003022
01950 0000002592
01951 0000057500
01952 0000007349
01953 0000000721
01954 0000064887
01955 0000006694
01956 0000001187
01957 0000001266
01958 0000003635
01959 0000060674
01960 0000007543
01961 0000064530
01962 0000062985
01963 0000058696
01964 0000053828
01965 0000057297
01966 0000007027
01967 0000000643
01968 0000003144
01969 0000000347
01970 0000059604
01971 0000002876
01972 0000059262
01973 0000056688
01974 0000059140
01975 0000062808
01976 0000062708
01977 0000004132
01978 0000002017
01979 0000065464
01980 0000061593
01981 0000006646
01982 0000006627
01983 0000062707
01984 0000000774
01985 0000006681
01986 0000007977
01987 0000062032
01988 0000007194
01989 0000061263
01990 0000001337
01991 0000005207
01992 0000005541
01993 0000062844
01994 0000060088
01995 0000063384
01996 0000003657
01997 0000058607
01998 0000056100
01999 0000064023
02000 0000061887
02001 0000056455
02002 0000001101
02003 0000061984
02004 0000002516
02005 0000000059
02006 0000061889
02007 0000006361
02008 0000058892
02009 0000002240
02010 0000062918
02011 0000065032
02012 0000057446
02013 0000057215
02014 0000064698
02015 0000063240
02016 0000003301
02017 0000005215
02018 0000001796
02019 0000063498
02020 0000065297
02021 0000001976
02022 0000006113
02023 0000063340
02024 0000052615
02025 0000061308
02026 0000007535
02027 0000006610
02028 0000063421
02029 0000062706
02030 0000003692
02031 0000000502
02032 0000064139
02033 0000004335
02034 0000061533
02035 0000060142
02036 0000061525
02037 0000002297
02038 0000064960
02039 0000062665
02040 0000006703
02041 0000063004
02042 0000062796
02043 0000003730
02044 0000061127
02045 0000059329
02046 0000063986
02047 0000008043
 
