0268252168
0-53933805
0721688499
0169400044
0-98561794
-287514138
-252964830
0150600762
-569707561
-220518621
0019071454
0450947641
-166916057
0252968743
-2137194732
0751152256
0963259714
0874074719
-148041412
0033292557
0200678138
0-69338872
-322820872
0486735660
0587113702
-555420413
0403510023
-217526566
0016061195
-790695391
0354222287
0448711961
0269210074
-524412359
0097656861
-452592121
-903813614
0253356247
0-81991674
0551276582
-200931346
0017555211
0-17115357
0622774253
-603464942
-352983543
0535494919
-601763787
-484903182
-673639157
-469298439
0334041335
-386328294
0753792493
0050127887
0420802500
-1577565179
0002098401
-1056826617
0539748580
-167197645
0199167234
0419553791
0-34742299
0-67234003
0166259976
0837933316
-103677427
-117237481
-267066898
-870713314
-288096753
-286126796
0-84009454
0586603754
-335542529
0320730323
0182312988
0770564876
-216990463
-236845318
-902105854
-1545064696
0857284864
-756225265
-183962634
0304091906
-418720005
0386066958
-370865661
0535948284
-135661269
0253350427
-503259150
0638054944
0-50795558
-117312471
0034466280
0-31778038
-387593724
0049285143
0084279818
0165205524
0955057451
-755502377
0516685598
-571070437
-1292554249
0299902215
0319351540
-384491759
0031911164
0047259875
-736154626
0-67503871
0854590729
-421794058
-168497371
0222366988
0470410409
-332592913
0000639998
0469964505
0153019390
0621471979
0-50852121
0166066175
0620812307
0219929305
-588568312
0872809190
0265936430
0302518990
0180478954
-719179215
0735108863
-135258622
-418054406
0820113376
-566565575
-703918886
-102764770
0303760146
0522442482
-120529882
0319555038
0735567632
0405009934
-183575059
0237165786
0904657898
0184744462
0032367114
0-32577819
0201260832
0-68797970
-755887373
0535811843
-117631483
0085467142
-253423629
-184834325
-118135508
0-98433033
-253952010
0285006590
-201524957
1093077987
-505947644
-552722186
0305726394
0770963182
0201781018
0753395905
0-84802536
-317981417
0151126256
-521861381
0302711596
-824439304
0421130236
-284561394
-570288619
-468905474
-1207564300
0251195914
0302126895
0435209721
-133814577
0337372947
-101916704
-352242935
0166787853
1191826176
-369952537
-687334653
-402457311
-267647255
0373292275
-488700411
0034398954
0566887226
0067229439
0368447230
-268432637
0-17107001
-1391249635
1022694661
0-84750604
-236259569
-266472693
-1209454785
0503576079
-1158795037
-618985988
-266129644
0085714378
-134021901
0438298356
0603119901
-385222668
0232124926
0252447757
0048949776
-637267435
0097831676
-586267379
-417271782
0-19138796
-319028716
-283574018
0116853750
0451538189
-103156187
-252784599
0352000787
0-99096079
0216517138
-554684672
-216003597
0132971557
-618454524
-505213499
0001118216
-301858050
-333822235
0149938423
0483598831
0253688054
-218098233
0434050602
-757008659
-334686961
0184226313
-655550968
0486410748
0265217005
-100653265
0114164975
-402651887
0116598754
0623571697
-450240533
-437058027
0284616948
0085521686
0270801625
0183289102
0586998001
-803337720
-334224161
0-67950613
0133029897
0690288894
-251210787
0351407121
0099750388
-671208981
0788979217
-841097173
0437123837
-803732216
0233893163
0050459142
0113827114
0265542456
0-80680677
-888010552
-252500156
-233448455
-570688511
0420153633
00-1065688
-753260566
0822796526
-304614379
0-65400291
0235534543
-671539487
0052564458
-116979459
-168564982
-534767090
0603842751
0535768593
-925310456
0220921595
0-30075668
0518635221
-857540525
0165620760
0319553806
-138010395
-138139136
0266410511
0489220327
0489754067
0519174102
-168824597
0232861697
-383780858
0334484249
0085383672
-434962662
0417139458
000-654337
0838005487
0218887690
-267524893
00-1562071
-233124129
-235004158
0203552508
0032828934
0-66982133
0435092730
0789773042
-184957954
-536733908
0066319092
-551871245
-302905612
0270402812
-219346700
0-50191621
-536807408
0232390393
0906549533
-202708207
0437056758
-153753574
0051844608
-403379156
-418645000
-485880345
0169872432
0149486330
-621019657
0388034260
-352972239
0637865722
0149020127
1054540556
0520671985
0502072584
0235600103
-604706322
0687808542
-789833994
-1041102077
0474612998
-504499707
0520487908
0317849584
-168623625
0501875985
0-64556553
0789702891
0452981987
0133690336
0015138051
-604691425
0236715256
-319550937
0838782162
-201913880
0302722044
-149882901
-351340285
0050907627
-1040967087
0052374729
-287315427
0284285724
0220725282
-186457639
-251457249
-568850424
0585758452
0017371391
0656465378
0064018954
0285808912
0-17832950
-185600000
-469415670
0147848944
-301726177
-702157060
0065735441
0031526937
0536661534
0017496828
-620238584
-183627023
-118680764
0686413780
-501873114
0270079160
-366879478
0235663354
-1225322241
0067842819
0448656931
-317587978
0-67632650
0415829295
0283702243
-369019123
0-66310433
-473696745
0117445339
0017827864
0770635742
0100072239
-605485060
0134471439
-302254801
-554100981
0702597142
0372762342
-470081304
0100139830
0399631316
-217114582
0337833966
-1158343182
-351258893
0-70651418
-150583749
0131126027
0252900365
0553316582
0367648042
-470414340
0030216240
-136512030
0254352144
0-65208368
0770696159
0484381219
0099077890
0722850072
0-85327622
-935594006
-841667782
-972613894
1107690991
-382539007
-233502000
-115413755
-669322233
0301536251
-222498285
-419949000
0538307579
-821436143
0401146131
-284089611
0253551579
0-50204389
0131068922
0250749738
0135911910
0803145208
0319868942
0-51186216
-300025328
-521005818
0335673102
-118164986
0068953593
-454101815
0303961064
-132389102
-550242288
0150006498
0286519536
0755629329
-940055299
-235470586
-234804764
-1258409445
0-48488193
0-17492235
-705824282
0569134320
0017360658
0402715891
0014074394
-213253879
0653455852
-571141605
-418390796
0602150159
0268562140
0-33611277
-382796543
-168429844
-586086906
0334108439
-470805536
-267913704
0301400837
-455733991
-118089214
0082452990
0435417825
0151781132
0049938931
-489420567
0-68412874
-201055975
-539101699
-166985473
-120649466
0316478498
-788913884
0652011303
-703008768
0318245360
-689696762
-298968591
0-83750666
0286524407
0252766448
-350616869
0302641134
-502140678
-771876837
0103813369
0001309170
-641070368
0-82169611
0686023935
0-16971739
-234812448
-319680531
0032388088
0756280596
0-67642128
-587856880
0635045123
0-52371140
-451151356
0538308602
-303367451
0421598717
0-67703560
0402579721
-186065610
0318961657
0215414032
0065661984
-535815655
0335154171
0520015823
-337315795
0234493166
0218230041
-385224673
-855505942
-805819083
-484243996
-249817870
-434575383
0-82827770
0186782953
-169083131
0119260416
-570243604
0788602430
-215681599
0-84282366
0-34277840
0-98038065
-185787922
0065530909
-469759975
-168028668
1106896119
0773502721
-754650641
0068952548
0651354119
-251908576
-218893055
-571406098
0018027014
0185211131
-249898001
0923402490
0-14623058
0503712507
0233571307
-235730166
0188094404
-921308426
-602266915
0417147630
0703521554
0234754803
0082498792
-587453418
0118296856
-183304496
-368312853
-856283630
1056632594
-536020472
-266811143
1243143655
-537393633
-167498267
-588640806
0605618411
0234619921
0502846205
0-48887305
-455139601
0-50853860
-117902077
0286191843
0571079436
-183109629
-871499024
0152639206
0187367125
-401090050
-1053542181
-336133911
-685888493
0134414557
0133960716
0436270291
-518522885
0-34203382
-118566400
-100730592
0822559228
0181650948
0472831207
0254077141
-823719399
0-15392778
-987354938
0032773088
0068624359
1040195035
-350881835
0014023921
0-66516757
-604829398
0436079633
0-16249591
0468188628
-367464732
0-29615634
0-65344035
0633995244
0250932480
0603393051
0181929959
0151394032
-235009597
0183433751
0571463183
0133497845
-489425653
0084492075
0384424917
-218759394
-252972519
-287502295
0017173521
0112797183
0101320916
0470731798
-131797503
-136518144
0382347813
-772138770
0033499624
0318177056
0033750769
-371459831
0-50912000
-270458117
-518976218
0317715677
-705026036
0084336635
0214366271
0148631621
-454093595
0703859997
1123070459
-217119525
-188018152
0350888165
-103405271
0184809978
0151578383
0269491900
-588590820
0402731011
-250679820
0737931256
0032313334
0099154387
-503028455
0001504204
0253160164
-282726927
0066576425
0-99998235
-168500215
0-49485560
-403046119
0170065393
-788263157
0285863396
-570300876
-117641724
-129814786
-1258093596
-516746772
0-81994251
0521416698
1326164900
-235919868
0152109039
-136313872
0116658725
-118881006
-536802855
0987897361
-382212387
0758771943
-170787095
-116592134
0017374188
-452790014
0-99819211
-333839129
0234932464
0134546764
-350952225
-1544671720
0370350081
-406515198
0455347469
-287320061
0638581778
0588764134
-355543044
0-15526392
-336731079
0488303111
-219426771
0868733963
0256177647
-686414369
0068879854
-183968774
0104207586
-217985036
0002170636
-671683101
0553518588
0754646805
0236249583
0-87686418
-385091582
0486281982
-622585564
-805239312
-519562761
0236059377
0335815459
0097772794
-823003637
-639171552
0-68341714
-367650558
0483259106
0383905054
-386458604
0014677724
-199621065
0018150642
-420409355
0216138021
0186379984
0-84537560
1255465196
-205724131
0053414148
-318448350
-336918774
0033760002
0032233961
0219419438
0014732277
-215811807
-486737405
00-3667705
0119209239
-772210187
0-50711551
-350152732
-237570798
-369623795
0187103750
0134683359
0152104931
0082382594
0151388908
-181863994
00-3995645
0-50851820
0623982028
-468118833
0133950445
0-35320854
-203096041
0234292236
-688321218
0485031132
0151576073
-253556945
0521806040
0-47525914
-201711674
-722450174
0169609201
0167432921
0-49210627
-637404385
0503902738
-368981770
0117636616
-382717190
0333572820
0419035677
-521727532
-116975839
-119858426
0-50856458
-385342454
0487520721
0368237102
-538312188
-217645070
-235610599
-621464554
0502458643
0083955934
0200342795
-404619489
0470809862
1006688225
-486539781
0722736115
-422451738
0603134489
-354289391
0535172112
0-85205476
0050331896
0-68732934
0436332032
0067098869
0047911171
0-82119934
0319617282
0-67571713
-320008948
-118413848
-335611630
-116656870
0418123263
0133291261
0368957970
-569037811
0333502474
0103615470
0-17692464
-232321304
-485228785
0-50724909
0455485162
-1744047090
0-65731347
-136246522
0490798815
-1225066224
-637722575
0149488876
-622061563
0182069022
-115351537
-520356863
0-52884711
0587729933
-371589914
0-37816525
0471274251
-403050209
0600765196
-636685591
0486935046
0287631866
0520224210
-1023342873
0650977282
0720438284
0118620145
-184096031
0117048816
1121640211
0135139043
-386464521
-368511988
-149618148
0284809709
0100923667
0320520430
0320202512
0031127582
-169283072
0-66247420
0349691401
-165144110
-470019819
0655614938
-169673728
-555545037
0150736083
0539229960
-907414029
-350344945
0502527460
-1073735917
0286201324
-941622246
0068547345
0034012457
0-19076096
-451349512
-103740921
-237630637
-202248936
0034090976
-201125919
0267513859
0120119575
0216647669
-216268225
0401663996
0435593235
-166459669
-185133845
0238426868
0567336967
0133754373
0236252152
0283768298
0152439560
0014673909
0116012798
-1053429767
0485224970
0284942594
0116523547
0-35852305
0705231644
-404158986
-254804448
0100737564
0-66789910
1190653419
0386671338
0217630700
0467923682
-117760987
-404031207
0234570195
-655162142
0685252853
0336135166
0-68356092
0567932695
0200083689
-1426909930
0843196124
-872368155
0522330380
0219469570
-317074195
0485888249
0518586609
-150871296
0303952608
0015798800
0-65277943
-438052356
-201329121
0537072908
000-593428
-500299755
-300626208
0453908966
0722599146
0719634936
-283376158
0-99483405
0-32833811
-167966456
-200146994
0066990591
-402586085
-486803714
-183499287
0083367703
-100270611
0603324140
-1156902137
-350938673
-905631733
-551802136
0082778875
0487327484
-135999996
-956106978
0167983611
-823142126
-622040552
-202574086
-335871940
0032573686
0016782586
0535301623
0100783090
0170467545
-354626827
0269561109
-440139737
0048295142
0770445864
-335870739
-204985557
0638834171
-186446346
0121441280
0488561360
0887996924
0305320668
-266930193
-402388227
0434376461
-202902514
0131597550
-249950713
-438761174
0067770081
-337835733
0804320699
0304945116
0269743344
-1074395398
0588450032
0252962282
0536931554
-386264035
0249691882
-330950443
0-83763223
-370016975
0-98819132
-249874219
0332786950
-133430513
-673651996
0218572043
-773715411
0-49345255
-184675864
0063505679
0066383393
0385672721
0-18289901
-536670959
-1022558999
0405732397
0151703816
0403823866
0-31924243
-353892110
0-49473274
0116117266
-1039463396
-321974252
0773923570
-1406008867
0400951793
-319292651
-284543245
-101190686
-352189676
-724045017
-315207420
0-67703837
0-87955637
-737208353
0202959850
0252329478
0183301357
0401202693
0084470012
0906547442
0164434706
0302122519
0499109609
-315877132
-736569087
0619983890
0098361587
-268889063
-252166671
0049146337
0034220551
-384962564
0587393479
-302574325
0921627419
0385271818
0118879707
0336931568
-689512470
-387567330
0587074561
0402712538
-168683996
0-32839443
0-70843136
-436273865
0034865655
-135646726
0555347965
0937215981
-852690958
0555082491
0937361640
0719051013
0-50001899
-452592138
-134936297
0487325664
-100865053
0570097954
-137564143
-990694379
-502989585
0621162757
0-18425594
0001910540
0251390656
-100921387
-182978298
-149937916
0923259613
0084595218
-235988739
-337706220
-133625356
-603654641
-313521918
-572647194
0064557583
0603189795
-369550610
-235018199
0438825948
0149810666
-100925416
-672725732
-671731455
0236517120
0920452337
0135519512
0251062774
-568387862
0250872073
0484557059
-235341514
0-48497670
-554432771
0-64221253
0602474507
0-55567046
-333044539
0050264542
-114289966
0-67693064
0134411272
-185009695
0-66646281
0352255708
-167972351
0133502469
0-16911362
0065666328
0318240503
0253160705
-486666248
0066518276
0-66455029
0973599446
0101375996
-386067202
0134087168
-218437885
0435354625
0217967907
0-99628543
0051191293
-773128732
-133358820
0151057652
-318766329
0-16515847
0589232625
0231535365
0467922460
0318499055
0050593517
-218037226
-402646027
-336988932
0149223471
0000660741
0334095354
0283704859
0133365472
0016189719
0436530694
-119147522
0402127106
-235078151
0151123484
0402522600
0269671154
-284356364
-284360992
0098505503
-420541946
-251591670
0552598273
0-33038838
0304213743
-369489668
0318434317
-303693556
-418959395
0015795195
0486345996
-336263943
0118417398
000-916983
0-50524944
0-80411138
0048560858
0837217801
-100274694
0252188150
-637477357
0065083146
-183503074
-202504208
0118226446
0-33296393
0084080653
0-84936180
-251654145
0469433845
0520355556
0018149586
0236322033
-302907135
-452457985
0132380430
0-85327065
-100466417
0-65603594
0083427829
-116918786
-672003299
-134354152
0384769545
-434898707
0301719054
-303098625
0418314758
-485877235
0052422369
0033618685
-185267453
-252379114
-404027381
0152112128
0015336182
0-33097981
0151524583
0065925884
-118551804
-186314487
-553123589
0268900345
-569375993
0000784370
0134546683
-218500608
0183374592
0198313975
-403497459
0-32697863
-385685472
0084016629
0133753856
0-49939177
0319940071
-603127781
0169672136
-285877219
-234877171
0185533451
-250222878
-184416006
0018551016
0133371387
-150276630
0018283230
0215808265
0034147089
-503846119
-169474561
0-66449137
0251982839
-252834046
-116981260
0216991745
0301990900
0-50470663
-150734319
0135135483
0-32833794
0218946014
0049484807
0469035525
0250869493
-134881252
0083953936
-201458702
0034601475
-301272069
-217308185
-436864000
-604751888
-401398806
0-98693114
0266464237
-216926209
-702208250
0486204153
0-19274220
0185530875
0118094337
0336133879
0-83434764
-722534390
0234883592
-150732529
0083748070
-150138860
-588050170
-318633733
0067175158
0168892151
0249945341
0034075140
-201396475
00-1571799
-470419165
-250339593
0115864043
-437701363
-401147658
-401610472
0100525342
0016060429
0-32376599
0267849452
0502857458
0-51111965
0066851326
-184756480
0167713536
0100463616
0-50859520
0198965526
0335605764
0-50791156
0015605495
0083625710
0015333886
0-16257250
-301792768
0434769901
-234881000
-420280322
0-98959852
-217325841
-251320073
0183829763
0316866304
0132975615
0099222253
0-82115081
-201524726
0168890109
0133625317
0250736143
0402451953
0185659140
0468252136
0-85847528
000-130300
0-16647932
0032694530
-335147525
0706547694
-402853898
-253488892
-215737360
0251715071
-149947402
-301397514
0034016000
0201914839
-218493169
0839183832
0183297304
0403564290
-352654324
-636873218
0236322540
0048952846
-132381211
0218562287
0434769910
-184484119
-116713474
-201200133
0182650891
0067503112
0219672044
0387047893
00-3345129
0336395786
-352520448
0-32176374
0250412276
0083030009
-131990284
0083496698
-337051137
-284423906
-386012675
0402985995
0082574581
-738912779
0352389660
-285081631
0200734205
-165935856
0151580395
-504366576
0217902605
0183233323
-252507625
0050591722
0351594752
0016252423
000-195817
-135991265
-135007228
0219941620
-402913777
-606004478
0553319943
-303300103
0270209021
-185472789
-268363508
0066649109
-534057233
-201067002
0150602491
-370211061
-150273011
-100272136
0285477118
0-84082168
-285149450
0452656633
-101587443
0132390658
0149615384
-166333958
-687403007
-184148742
0419157498
0-15730178
0554164483
-552343796
-200339990
-235865839
0100077318
0-83885568
-149097466
0-32049924
-151659269
0049484819
0-66319635
0755031779
-236318187
-117634317
0102232822
0015792654
-854589952
0217852661
0-51055871
-201850614
0150274569
0117371674
-119016959
0000-65267
0520026598
0352518124
0048755986
0317652987
-336921056
0552991744
0-14425102
-121236477
0352455422
-285999596
0-15863785
0-67112475
-554299633
-149221131
-670098698
0083824103
0085131263
0098363401
0-84078828
0067237347
-253164780
0200938521
-116652299
0200137709
0018484980
0352318742
0018082529
000-528143
0435614238
-284423703
0218761465
-203816707
0603056663
0-31727621
-132846348
0420805644
0182180345
0219028489
0653052901
-216857082
0-32177958
-504351518
0286200566
-168424206
-100800749
-118093824
0604175097
0233307653
-219550723
-134216150
0001573854
-235600384
0052165368
-202436382
0502853916
0100338135
0402391550
0-51641350
0135860965
-387120921
-185987307
-218494178
-116653828
0-17765389
-401209583
-552466202
0017837820
0083294459
0052358893
-353106181
0-67242742
0400167678
0184421132
0-82517012
0434437877
0202572010
-300609806
-168355109
-101776364
-387054581
-117888521
0485028862
0017303038
-368568587
0352186362
0435871258
0066443264
0537521664
-201260785
-167839010
-268565234
-132900114
-101903628
-149617164
-252244484
0-99556346
0170064894
0166848249
0-17368319
0168160776
0169084399
0032898305
0185004006
-437582315
0-16314121
0083888134
-505219584
0-16448738
0032444137
-117374197
0067767277
0302250741
0015729650
-671350517
-149882879
0167899658
0017635072
0149877227
-201129960
0033551847
0-50327553
0016120610
0554495724
0-98963240
0216331776
-135130870
0-15200516
0066065868
-370016758
0085718795
0-33620989
0099289860
-401736966
0135460608
0185003243
-403573476
-101252855
-470937821
0521006862
-368713228
-167704815
0252243188
-520749026
0-50913549
0619048718
-470222071
0316475159
-286387713
0050069503
-116385797
0-34600972
0118751462
0133886211
0351596319
-251065361
0484765428
-385020675
0335413501
0-50197028
0050462732
0234225899
-132715518
0150276100
0150333953
0252047359
-587526660
0-33683192
0284952316
-385089047
-219084037
0134352638
0133045762
-251134993
0101250047
0790547684
0016185096
0317849572
0082508311
0100402942
-150928392
0-50069776
0303495431
-219092996
-300674045
0268631532
0-49410579
0-66979601
0200276223
-654632446
-118943498
0169343228
-132774405
-185007375
-219474932
-319555826
0234552069
0151190791
0-17498339
0-34212638
0152698104
-101775131
0015924493
-417661165
-302381063
-187887583
-184616681
0034990584
-183496967
0050007040
0-34146571
0102497509
0065530638
0199952392
-220978660
0538176242
0-50529532
0453828339
-470278408
0049938410
0016586250
-470418448
-134214897
0051641622
000-335371
-654241774
0083037684
0-82116848
-151715345
0-16587262
0-84608988
0301334288
0251586033
-150470908
-250604041
0015992056
0101454581
0235132626
0-49408766
0304079342
-354284029
0084476662
0134348004
0133697289
-168366849
-352181244
-333444900
0034467320
0033032710
0402910734
0016185311
-117765105
-253560576
0235017486
-435161085
-167709190
-720960479
0218820589
-335535868
0099353857
0418505459
0167772677
-284360974
0051384837
0030601473
0133699065
00-1044743
0504166390
-521404168
0167250175
-386067695
0098893818
0584971547
-167506196
0552927726
-418703881
0098173173
-236713176
0151525344
0-34926347
0166919943
-218822400
-150466060
-284625924
-150662945
0368183327
0116644096
0-49206551
-304087816
0469502715
-586213621
0403503061
-201523957
0-83886347
0187296239
-102169076
0-32046085
-186390789
-116128750
0401611512
0-83894293
0050986266
0167956734
0016973851
0086505198
0134080706
-286457318
-201520099
0117965562
0267055103
-317065204
0436728562
0034338771
0116589831
0152504808
0234877930
-369429482
0537981929
-250351367
0015273493
-183896592
0030733841
0889982717
-218180352
-552798967
0-50331875
0453833978
0266988052
0267323628
0368368393
0-68550143
-119011035
-183438591
0150604264
-286385891
-100466465
0152824074
0084150245
-251662066
-287301116
0017229829
0452993534
-336798222
-117371643
0199950097
0202047777
-705755679
-100394768
0132513024
0367990030
0016059387
-454946573
0117111596
0-16908541
-435684105
0369558514
-366861323
-486411028
0135266310
0149159651
0117511435
-469240087
0047519500
-387117807
-266993139
-420151013
-167578368
0-31715846
0033159661
-117245424
0034204415
-318897912
-250935816
-150332153
0200661742
0-17887987
0-81982470
0116454378
-150931951
0168363770
0285669380
0065075438
0-65139215
0030866434
0068939281
-655682806
0150338309
0133890826
-386204148
-250942709
0118235875
0301136364
-568388349
0182782707
-454556665
0235670517
0118030327
-535763733
0337123331
-253626630
0-33617391
0-84542469
0135133688
0151588827
-218623263
0017301515
-536416754
0151588089
-370602518
0169806089
-419300122
-164493064
0535683319
0067825421
0084871917
0-15801881
0033619707
0-49215257
-100731141
0235470074
0148706547
0166785058
0016909329
0014606349
000-530939
-232716527
0183827447
0-82838259
0-50796039
0119141900
0453568732
0418376459
0118551789
-501747726
0-16050179
-419754761
-166984185
-167639044
-318895364
0-16707084
0266788623
-200204546
0164892934
0017692904
0200144398
0014679318
0319821055
-321725960
-234677482
-149288703
0336649468
-284885509
-100855811
-217384446
0084087278
0018610145
0-67890706
-470671102
-117435916
-302508822
0102825473
0267060471
0084535828
-235408165
0034472968
-403298821
0066058242
0001115650
0101051364
0-49285091
0-33944088
0-84732166
0-67699473
-417724909
-403240953
0235661047
-402057456
0151316221
0-85524223
0082575885
-166785546
0
