00000 0000050813
00001 0000060670
00002 0000060042
00003 0000062616
00004 0000003347
00005 0000063382
00006 0000065270
00007 0000062599
00008 0000003486
00009 0000004853
00010 0000007111
00011 0000006007
00012 0000002325
00013 0000006134
00014 0000063817
00015 0000065383
00016 0000062435
00017 0000060378
00018 0000059103
00019 0000059747
00020 0000060922
00021 0000001617
00022 0000002611
00023 0000064159
00024 0000062375
00025 0000061607
00026 0000063781
00027 0000004239
00028 0000063280
00029 0000063702
00030 0000059451
00031 0000002227
00032 0000005067
00033 0000000969
00034 0000004888
00035 0000064031
00036 0000003622
00037 0000064673
00038 0000063005
00039 0000000097
00040 0000064782
00041 0000006252
00042 0000008486
00043 0000060560
00044 0000002948
00045 0000059643
00046 0000060195
00047 0000062498
00048 0000061167
00049 0000054066
00050 0000053679
00051 0000059653
00052 0000001395
00053 0000004285
00054 0000013210
00055 0000011698
00056 0000065405
00057 0000063189
00058 0000001189
00059 0000003037
00060 0000005729
00061 0000005307
00062 0000003699
00063 0000062880
00064 0000054404
00065 0000065359
00066 0000006651
00067 0000061785
00068 0000058332
00069 0000006416
00070 0000005398
00071 0000002816
00072 0000001997
00073 0000058803
00074 0000062669
00075 0000000193
00076 0000062576
00077 0000062685
00078 0000061849
00079 0000003587
00080 0000000059
00081 0000058324
00082 0000063145
00083 0000004879
00084 0000000369
00085 0000063754
00086 0000000541
00087 0000056061
00088 0000058945
00089 0000061775
00090 0000060877
00091 0000006419
00092 0000062346
00093 0000000053
00094 0000057470
00095 0000001399
00096 0000064971
00097 0000061576
00098 0000001183
00099 0000064340
00100 0000063533
00101 0000062070
00102 0000065224
00103 0000001181
00104 0000057199
00105 0000062963
00106 0000063765
00107 0000060112
00108 0000006989
00109 0000000972
00110 0000000109
00111 0000004427
00112 0000011744
00113 0000065086
00114 0000061978
00115 0000002159
00116 0000060781
00117 0000064788
00118 0000007724
00119 0000001472
00120 0000003052
00121 0000065169
00122 0000063759
00123 0000052866
00124 0000004839
00125 0000064310
00126 0000058654
00127 0000060602
00128 0000001638
00129 0000008258
00130 0000063160
00131 0000054104
00132 0000001650
00133 0000000239
00134 0000056967
00135 0000057785
00136 0000001093
00137 0000001798
00138 0000059567
00139 0000002799
00140 0000058299
00141 0000061109
00142 0000064779
00143 0000061210
00144 0000004623
00145 0000065095
00146 0000062118
00147 0000002170
00148 0000002539
00149 0000058598
00150 0000061612
00151 0000060605
00152 0000001214
00153 0000057825
00154 0000058799
00155 0000058607
00156 0000064170
00157 0000000815
00158 0000062623
00159 0000063557
00160 0000000184
00161 0000063285
00162 0000003002
00163 0000060362
00164 0000056407
00165 0000000062
00166 0000064776
00167 0000059998
00168 0000060561
00169 0000062194
00170 0000000507
00171 0000002753
00172 0000002250
00173 0000063656
00174 0000001762
00175 0000064210
00176 0000008481
00177 0000005049
00178 0000064349
00179 0000003092
00180 0000001169
00181 0000061718
00182 0000063694
00183 0000004975
00184 0000061366
00185 0000063189
00186 0000065053
00187 0000011759
00188 0000061904
00189 0000061525
00190 0000000136
00191 0000000841
00192 0000060429
00193 0000064923
00194 0000060031
00195 0000062400
00196 0000002626
00197 0000008291
00198 0000054303
00199 0000059806
00200 0000058212
00201 0000060100
00202 0000059479
00203 0000065140
00204 0000000541
00205 0000063144
00206 0000059592
00207 0000060397
00208 0000002525
00209 0000060244
00210 0000061698
00211 0000056994
00212 0000063984
00213 0000058352
00214 0000062223
00215 0000004115
00216 0000002378
00217 0000058294
00218 0000008717
00219 0000058146
00220 0000065013
00221 0000006538
00222 0000062527
00223 0000006268
00224 0000001726
00225 0000061680
00226 0000063467
00227 0000061155
00228 0000006345
00229 0000007783
00230 0000004330
00231 0000000862
00232 0000061387
00233 0000003943
00234 0000063597
00235 0000063066
00236 0000009585
00237 0000003924
00238 0000006217
00239 0000006077
00240 0000062210
00241 0000060986
00242 0000064462
00243 0000059918
00244 0000064675
00245 0000005735
00246 0000004606
00247 0000065080
00248 0000003308
00249 0000001910
00250 0000059195
00251 0000063859
00252 0000061121
00253 0000063249
00254 0000062261
00255 0000010214
00256 0000064001
00257 0000064172
00258 0000056187
00259 0000000337
00260 0000006940
00261 0000004941
00262 0000006094
00263 0000004046
00264 0000063614
00265 0000062916
00266 0000062581
00267 0000059333
00268 0000063712
00269 0000005627
00270 0000006528
00271 0000004512
00272 0000062877
00273 0000057993
00274 0000058277
00275 0000058178
00276 0000003897
00277 0000061726
00278 0000008225
00279 0000003716
00280 0000059408
00281 0000003649
00282 0000000951
00283 0000053829
00284 0000053076
00285 0000062043
00286 0000004546
00287 0000008725
00288 0000007061
00289 0000059344
00290 0000063816
00291 0000064106
00292 0000063300
00293 0000007039
00294 0000003441
00295 0000005920
00296 0000063204
00297 0000059394
00298 0000062018
00299 0000000188
00300 0000006032
00301 0000064289
00302 0000002967
00303 0000009451
00304 0000000167
00305 0000061099
00306 0000008367
00307 0000062626
00308 0000005196
00309 0000004720
00310 0000059584
00311 0000000872
00312 0000063692
00313 0000058561
00314 0000007784
00315 0000001367
00316 0000060528
00317 0000000145
00318 0000062834
00319 0000005627
00320 0000064677
00321 0000059182
00322 0000005651
00323 0000064827
00324 0000056923
00325 0000003237
00326 0000000729
00327 0000004134
00328 0000001926
00329 0000059162
00330 0000065010
00331 0000062525
00332 0000008437
00333 0000005206
00334 0000062428
00335 0000059857
00336 0000064662
00337 0000061283
00338 0000061387
00339 0000006106
00340 0000003074
00341 0000001419
00342 0000063545
00343 0000060361
00344 0000002831
00345 0000003804
00346 0000002599
00347 0000058456
00348 0000002478
00349 0000002421
00350 0000008226
00351 0000008471
00352 0000006582
00353 0000009588
00354 0000010136
00355 0000004486
00356 0000062847
00357 0000061178
00358 0000002460
00359 0000063486
00360 0000002514
00361 0000061004
00362 0000064005
00363 0000003948
00364 0000005387
00365 0000007763
00366 0000064296
00367 0000062756
00368 0000060909
00369 0000059860
00370 0000002614
00371 0000056066
00372 0000062852
00373 0000005144
00374 0000061766
00375 0000058197
00376 0000001485
00377 0000001146
00378 0000006625
00379 0000006642
00380 0000065123
00381 0000003523
00382 0000005299
00383 0000061848
00384 0000060395
00385 0000057687
00386 0000001314
00387 0000006185
00388 0000002242
00389 0000006587
00390 0000005992
00391 0000006281
00392 0000004062
00393 0000002415
00394 0000005757
00395 0000062265
00396 0000065362
00397 0000006790
00398 0000061130
00399 0000005289
00400 0000061259
00401 0000061229
00402 0000008476
00403 0000001799
00404 0000056331
00405 0000065404
00406 0000064619
00407 0000057455
00408 0000002736
00409 0000001496
00410 0000006299
00411 0000062419
00412 0000060052
00413 0000061355
00414 0000058449
00415 0000064690
00416 0000064240
00417 0000057299
00418 0000065271
00419 0000001690
00420 0000065361
00421 0000003558
00422 0000065092
00423 0000005179
00424 0000001915
00425 0000063790
00426 0000054759
00427 0000052697
00428 0000007453
00429 0000053746
00430 0000002552
00431 0000002212
00432 0000057180
00433 0000057237
00434 0000000774
00435 0000003245
00436 0000057906
00437 0000064315
00438 0000002493
00439 0000006114
00440 0000000409
00441 0000065427
00442 0000012078
00443 0000008221
00444 0000001712
00445 0000002577
00446 0000060837
00447 0000060479
00448 0000007310
00449 0000064784
00450 0000065385
00451 0000004371
00452 0000001973
00453 0000062928
00454 0000002781
00455 0000011243
00456 0000000453
00457 0000000909
00458 0000004534
00459 0000001429
00460 0000007301
00461 0000059466
00462 0000004768
00463 0000008172
00464 0000000926
00465 0000058190
00466 0000001161
00467 0000009923
00468 0000005387
00469 0000063042
00470 0000061289
00471 0000062278
00472 0000065064
00473 0000002599
00474 0000063785
00475 0000064965
00476 0000064587
00477 0000063107
00478 0000005532
00479 0000065444
00480 0000061788
00481 0000064869
00482 0000010583
00483 0000004832
00484 0000001233
00485 0000061174
00486 0000002550
00487 0000001990
00488 0000059443
00489 0000065280
00490 0000000761
00491 0000058981
00492 0000062169
00493 0000006798
00494 0000056902
00495 0000001818
00496 0000008153
00497 0000057650
00498 0000000971
00499 0000000533
00500 0000004563
00501 0000000832
00502 0000060359
00503 0000061341
00504 0000004354
00505 0000063759
00506 0000004336
00507 0000002087
00508 0000001414
00509 0000060875
00510 0000010717
00511 0000065321
00512 0000000647
00513 0000010244
00514 0000065130
00515 0000000146
00516 0000061207
00517 0000004549
00518 0000000259
00519 0000004316
00520 0000010873
00521 0000064197
00522 0000055490
00523 0000058561
00524 0000061913
00525 0000051834
00526 0000060020
00527 0000014256
00528 0000064255
00529 0000063307
00530 0000004559
00531 0000057080
00532 0000060700
00533 0000057853
00534 0000064574
00535 0000003253
00536 0000003049
00537 0000004816
00538 0000063590
00539 0000064189
00540 0000010297
00541 0000000824
00542 0000001859
00543 0000003705
00544 0000007542
00545 0000064967
00546 0000060553
00547 0000063342
00548 0000009305
00549 0000003724
00550 0000000562
00551 0000001804
00552 0000015046
00553 0000062670
00554 0000064115
00555 0000062968
00556 0000000161
00557 0000064475
00558 0000004108
00559 0000063172
00560 0000004323
00561 0000008885
00562 0000003078
00563 0000062232
00564 0000063844
00565 0000000354
00566 0000001455
00567 0000001667
00568 0000060673
00569 0000007470
00570 0000005102
00571 0000061755
00572 0000001359
00573 0000061864
00574 0000059501
00575 0000059306
00576 0000002988
00577 0000009086
00578 0000003314
00579 0000002432
00580 0000001339
00581 0000008526
00582 0000059875
00583 0000001470
00584 0000004720
00585 0000061885
00586 0000061725
00587 0000008567
00588 0000004109
00589 0000055221
00590 0000059548
00591 0000002393
00592 0000003478
00593 0000008631
00594 0000003249
00595 0000003104
00596 0000062983
00597 0000062267
00598 0000060337
00599 0000054717
00600 0000062538
00601 0000003445
00602 0000007012
00603 0000009835
00604 0000000237
00605 0000059391
00606 0000004217
00607 0000062218
00608 0000056598
00609 0000000693
00610 0000000137
00611 0000061913
00612 0000059389
00613 0000059113
00614 0000002855
00615 0000060356
00616 0000000925
00617 0000064033
00618 0000004031
00619 0000064228
00620 0000065510
00621 0000063446
00622 0000061722
00623 0000000182
00624 0000063610
00625 0000064450
00626 0000060511
00627 0000064602
00628 0000059640
00629 0000064461
00630 0000061358
00631 0000002274
00632 0000061743
00633 0000001007
00634 0000005114
00635 0000058071
00636 0000065252
00637 0000064246
00638 0000002421
00639 0000000803
00640 0000003222
00641 0000004117
00642 0000060632
00643 0000062957
00644 0000006786
00645 0000064487
00646 0000007587
00647 0000007457
00648 0000064609
00649 0000062723
00650 0000061379
00651 0000062853
00652 0000060893
00653 0000000206
00654 0000002467
00655 0000060766
00656 0000002361
00657 0000063210
00658 0000001717
00659 0000003197
00660 0000061615
00661 0000002030
00662 0000057852
00663 0000003120
00664 0000006558
00665 0000001429
00666 0000049894
00667 0000065407
00668 0000002204
00669 0000003224
00670 0000002836
00671 0000006373
00672 0000000331
00673 0000065138
00674 0000002703
00675 0000002708
00676 0000006705
00677 0000002887
00678 0000064963
00679 0000000376
00680 0000005379
00681 0000012660
00682 0000001868
00683 0000064950
00684 0000057015
00685 0000000726
00686 0000003789
00687 0000060089
00688 0000064908
00689 0000065470
00690 0000062447
00691 0000064108
00692 0000064636
00693 0000005814
00694 0000001065
00695 0000061936
00696 0000007493
00697 0000013805
00698 0000005486
00699 0000001198
00700 0000064038
00701 0000007174
00702 0000060436
00703 0000062436
00704 0000001916
00705 0000001911
00706 0000060341
00707 0000005398
00708 0000057249
00709 0000063947
00710 0000061344
00711 0000000478
00712 0000063455
00713 0000005800
00714 0000062032
00715 0000059636
00716 0000062714
00717 0000063604
00718 0000064593
00719 0000065312
00720 0000062408
00721 0000064134
00722 0000005160
00723 0000006078
00724 0000007655
00725 0000008028
00726 0000004913
00727 0000000215
00728 0000057662
00729 0000060456
00730 0000003093
00731 0000001754
00732 0000002829
00733 0000000846
00734 0000001904
00735 0000002738
00736 0000062226
00737 0000009374
00738 0000001859
00739 0000000903
00740 0000003900
00741 0000061713
00742 0000002719
00743 0000010834
00744 0000003833
00745 0000001656
00746 0000003347
00747 0000062019
00748 0000006293
00749 0000013338
00750 0000008415
00751 0000006549
00752 0000059223
00753 0000063076
00754 0000062473
00755 0000000725
00756 0000002879
00757 0000060128
00758 0000060982
00759 0000001279
00760 0000062961
00761 0000004810
00762 0000059724
00763 0000000035
00764 0000000961
00765 0000064851
00766 0000062301
00767 0000063356
00768 0000063163
00769 0000002184
00770 0000000175
00771 0000004008
00772 0000005733
00773 0000003886
00774 0000006979
00775 0000060458
00776 0000062320
00777 0000057269
00778 0000003864
00779 0000002820
00780 0000005335
00781 0000063435
00782 0000064813
00783 0000001642
00784 0000057305
00785 0000000501
00786 0000063395
00787 0000057869
00788 0000061458
00789 0000000524
00790 0000010725
00791 0000064968
00792 0000001072
00793 0000000593
00794 0000005636
00795 0000004585
00796 0000057152
00797 0000058269
00798 0000007951
00799 0000005452
00800 0000007035
00801 0000063688
00802 0000060590
00803 0000008556
00804 0000063958
00805 0000004547
00806 0000061931
00807 0000063077
00808 0000063048
00809 0000064431
00810 0000008049
00811 0000063574
00812 0000060221
00813 0000054803
00814 0000008003
00815 0000001541
00816 0000064906
00817 0000003581
00818 0000061578
00819 0000061385
00820 0000058536
00821 0000001759
00822 0000010075
00823 0000009124
00824 0000006519
00825 0000060028
00826 0000002253
00827 0000057951
00828 0000002092
00829 0000005558
00830 0000000127
00831 0000061260
00832 0000064613
00833 0000062771
00834 0000011800
00835 0000002688
00836 0000005499
00837 0000064370
00838 0000059213
00839 0000061886
00840 0000054863
00841 0000002274
00842 0000004376
00843 0000002860
00844 0000064256
00845 0000001575
00846 0000065344
00847 0000001209
00848 0000064898
00849 0000058758
00850 0000010242
00851 0000003893
00852 0000010501
00853 0000001155
00854 0000061921
00855 0000002413
00856 0000052544
00857 0000063667
00858 0000006685
00859 0000004170
00860 0000001953
00861 0000000205
00862 0000000002
00863 0000006435
00864 0000059040
00865 0000063434
00866 0000065443
00867 0000004222
00868 0000002318
00869 0000058676
00870 0000063302
00871 0000002107
00872 0000006059
00873 0000002298
00874 0000057502
00875 0000060005
00876 0000002279
00877 0000064060
00878 0000002608
00879 0000003435
00880 0000057579
00881 0000058827
00882 0000062579
00883 0000003439
00884 0000003719
00885 0000057567
00886 0000062333
00887 0000062328
00888 0000002416
00889 0000056432
00890 0000005680
00891 0000004446
00892 0000059632
00893 0000064696
00894 0000008078
00895 0000003313
00896 0000001172
00897 0000008957
00898 0000002328
00899 0000001338
00900 0000064257
00901 0000009482
00902 0000002026
00903 0000000177
00904 0000003700
00905 0000002866
00906 0000062565
00907 0000061314
00908 0000007843
00909 0000063502
00910 0000004934
00911 0000001579
00912 0000000155
00913 0000003092
00914 0000005269
00915 0000060195
00916 0000059532
00917 0000001062
00918 0000001918
00919 0000062561
00920 0000064880
00921 0000002368
00922 0000062572
00923 0000064749
00924 0000003154
00925 0000063197
00926 0000064095
00927 0000002501
00928 0000005211
00929 0000062906
00930 0000064970
00931 0000007262
00932 0000065305
00933 0000055946
00934 0000002076
00935 0000060475
00936 0000002642
00937 0000059583
00938 0000007387
00939 0000000012
00940 0000058984
00941 0000000957
00942 0000059556
00943 0000059611
00944 0000056211
00945 0000002729
00946 0000064265
00947 0000063330
00948 0000065268
00949 0000000619
00950 0000059772
00951 0000061867
00952 0000059711
00953 0000008351
00954 0000006403
00955 0000063545
00956 0000060073
00957 0000059937
00958 0000001528
00959 0000002255
00960 0000009387
00961 0000011645
00962 0000005768
00963 0000006603
00964 0000063548
00965 0000002267
00966 0000061127
00967 0000060492
00968 0000057648
00969 0000002381
00970 0000065055
00971 0000056338
00972 0000001301
00973 0000064032
00974 0000001678
00975 0000065154
00976 0000059043
00977 0000059005
00978 0000006602
00979 0000015374
00980 0000001411
00981 0000062604
00982 0000005738
00983 0000062408
00984 0000062149
00985 0000063850
00986 0000005569
00987 0000063324
00988 0000010316
00989 0000001371
00990 0000058541
00991 0000001547
00992 0000001577
00993 0000057746
00994 0000061618
00995 0000005515
00996 0000000518
00997 0000001348
00998 0000001198
00999 0000001551
01000 0000001566
01001 0000005172
01002 0000004532
01003 0000062793
01004 0000060890
01005 0000003525
01006 0000002791
01007 0000061748
01008 0000055644
01009 0000062212
01010 0000002595
01011 0000064590
01012 0000000964
01013 0000004585
01014 0000002208
01015 0000059178
01016 0000000575
01017 0000063783
01018 0000010215
01019 0000015084
01020 0000005532
01021 0000001064
01022 0000003640
01023 0000064028
01024 0000063639
01025 0000050847
01026 0000061099
01027 0000059575
01028 0000054251
01029 0000060087
01030 0000062499
01031 0000060251
01032 0000065328
01033 0000062198
01034 0000004007
01035 0000064933
01036 0000008293
01037 0000007370
01038 0000000493
01039 0000056887
01040 0000060502
01041 0000060443
01042 0000002892
01043 0000003563
01044 0000003675
01045 0000056980
01046 0000055497
01047 0000062666
01048 0000062793
01049 0000063627
01050 0000059823
01051 0000054956
01052 0000064692
01053 0000060036
01054 0000060675
01055 0000002908
01056 0000001022
01057 0000062948
01058 0000064910
01059 0000000307
01060 0000001431
01061 0000005592
01062 0000059461
01063 0000001171
01064 0000064878
01065 0000056618
01066 0000002908
01067 0000004547
01068 0000061706
01069 0000057789
01070 0000064706
01071 0000063498
01072 0000059390
01073 0000002150
01074 0000060804
01075 0000064005
01076 0000010267
01077 0000058077
01078 0000057226
01079 0000065321
01080 0000002264
01081 0000002848
01082 0000063403
01083 0000059104
01084 0000062882
01085 0000002860
01086 0000003379
01087 0000057155
01088 0000061689
01089 0000058998
01090 0000064007
01091 0000002317
01092 0000064314
01093 0000004074
01094 0000064678
01095 0000004043
01096 0000002605
01097 0000062289
01098 0000002211
01099 0000058960
01100 0000064307
01101 0000006726
01102 0000061991
01103 0000060332
01104 0000065072
01105 0000004519
01106 0000004239
01107 0000061576
01108 0000056728
01109 0000062852
01110 0000002496
01111 0000000820
01112 0000004399
01113 0000000212
01114 0000002783
01115 0000001418
01116 0000003594
01117 0000059806
01118 0000058613
01119 0000005180
01120 0000063136
01121 0000003545
01122 0000063022
01123 0000001777
01124 0000001162
01125 0000001069
01126 0000001730
01127 0000010152
01128 0000012906
01129 0000065182
01130 0000002248
01131 0000059703
01132 0000003216
01133 0000006040
01134 0000000884
01135 0000055216
01136 0000007102
01137 0000062639
01138 0000065351
01139 0000001568
01140 0000002288
01141 0000007100
01142 0000060126
01143 0000006320
01144 0000002256
01145 0000062062
01146 0000064508
01147 0000005960
01148 0000062570
01149 0000060223
01150 0000006421
01151 0000053317
01152 0000006567
01153 0000004373
01154 0000007836
01155 0000063614
01156 0000061178
01157 0000063685
01158 0000059137
01159 0000000868
01160 0000001925
01161 0000007803
01162 0000010819
01163 0000001747
01164 0000063937
01165 0000052348
01166 0000062081
01167 0000002905
01168 0000062326
01169 0000063904
01170 0000003986
01171 0000065440
01172 0000064501
01173 0000004994
01174 0000064732
01175 0000063018
01176 0000004149
01177 0000063865
01178 0000005298
01179 0000005787
01180 0000059300
01181 0000002442
01182 0000065046
01183 0000063039
01184 0000001142
01185 0000001650
01186 0000004314
01187 0000001148
01188 0000014708
01189 0000019838
01190 0000000603
01191 0000003687
01192 0000059314
01193 0000004159
01194 0000058653
01195 0000058095
01196 0000009164
01197 0000006316
01198 0000061937
01199 0000004205
01200 0000001218
01201 0000061764
01202 0000061050
01203 0000061618
01204 0000064264
01205 0000061859
01206 0000001373
01207 0000003045
01208 0000001369
01209 0000060922
01210 0000063173
01211 0000000092
01212 0000062061
01213 0000064093
01214 0000062556
01215 0000058642
01216 0000061553
01217 0000057185
01218 0000055052
01219 0000006671
01220 0000054799
01221 0000063539
01222 0000061562
01223 0000004889
01224 0000002831
01225 0000063900
01226 0000002075
01227 0000004559
01228 0000004985
01229 0000064385
01230 0000061450
01231 0000063460
01232 0000065281
01233 0000004037
01234 0000002091
01235 0000008792
01236 0000058410
01237 0000063336
01238 0000003531
01239 0000062018
01240 0000002723
01241 0000063965
01242 0000003374
01243 0000004743
01244 0000064944
01245 0000063792
01246 0000006589
01247 0000065022
01248 0000009448
01249 0000003940
01250 0000000697
01251 0000008541
01252 0000002606
01253 0000060788
01254 0000064337
01255 0000060938
01256 0000061159
01257 0000064378
01258 0000001487
01259 0000008902
01260 0000064924
01261 0000006648
01262 0000013456
01263 0000000291
01264 0000065266
01265 0000064472
01266 0000011627
01267 0000058893
01268 0000054509
01269 0000064213
01270 0000058680
01271 0000063103
01272 0000006458
01273 0000005072
01274 0000063166
01275 0000061428
01276 0000061337
01277 0000062018
01278 0000062546
01279 0000001010
01280 0000061923
01281 0000062126
01282 0000058783
01283 0000001259
01284 0000063986
01285 0000057724
01286 0000001707
01287 0000005541
01288 0000059929
01289 0000060992
01290 0000063590
01291 0000062960
01292 0000062259
01293 0000064222
01294 0000060778
01295 0000002201
01296 0000057208
01297 0000062065
01298 0000062421
01299 0000063631
01300 0000002454
01301 0000061720
01302 0000063625
01303 0000062953
01304 0000005603
01305 0000002583
01306 0000062114
01307 0000000522
01308 0000064330
01309 0000064878
01310 0000065114
01311 0000057211
01312 0000001183
01313 0000007108
01314 0000005020
01315 0000004056
01316 0000006996
01317 0000064222
01318 0000006626
01319 0000008409
01320 0000001639
01321 0000064403
01322 0000062847
01323 0000003404
01324 0000003081
01325 0000000422
01326 0000058100
01327 0000002383
01328 0000061203
01329 0000058598
01330 0000058894
01331 0000006606
01332 0000001386
01333 0000057326
01334 0000059478
01335 0000001623
01336 0000059941
01337 0000065186
01338 0000004760
01339 0000003696
01340 0000003112
01341 0000059340
01342 0000062952
01343 0000064834
01344 0000004739
01345 0000005348
01346 0000064272
01347 0000059220
01348 0000000274
01349 0000000229
01350 0000004482
01351 0000064033
01352 0000056052
01353 0000012808
01354 0000059067
01355 0000059028
01356 0000006281
01357 0000060579
01358 0000064086
01359 0000005431
01360 0000004299
01361 0000058721
01362 0000004992
01363 0000056685
01364 0000001993
01365 0000000080
01366 0000059818
01367 0000057356
01368 0000002817
01369 0000006362
01370 0000065294
01371 0000003460
01372 0000062727
01373 0000004624
01374 0000004736
01375 0000003596
01376 0000061355
01377 0000063360
01378 0000002258
01379 0000061251
01380 0000001351
01381 0000000722
01382 0000000710
01383 0000062522
01384 0000057438
01385 0000063846
01386 0000060814
01387 0000063653
01388 0000062584
01389 0000006027
01390 0000006833
01391 0000004000
01392 0000000129
01393 0000056609
01394 0000063129
01395 0000065177
01396 0000065531
01397 0000008039
01398 0000010819
01399 0000054772
01400 0000065341
01401 0000062951
01402 0000005887
01403 0000062733
01404 0000001786
01405 0000064597
01406 0000003585
01407 0000062812
01408 0000000393
01409 0000064702
01410 0000005522
01411 0000063622
01412 0000000914
01413 0000000267
01414 0000000371
01415 0000002075
01416 0000056113
01417 0000002317
01418 0000065187
01419 0000059147
01420 0000004761
01421 0000062255
01422 0000057711
01423 0000002262
01424 0000061741
01425 0000002640
01426 0000004531
01427 0000003869
01428 0000064783
01429 0000059553
01430 0000062392
01431 0000063292
01432 0000062319
01433 0000060793
01434 0000003654
01435 0000002110
01436 0000001121
01437 0000002744
01438 0000060662
01439 0000063102
01440 0000007041
01441 0000001679
01442 0000062977
01443 0000001832
01444 0000000513
01445 0000007438
01446 0000011365
01447 0000062490
01448 0000062832
01449 0000005256
01450 0000007890
01451 0000002145
01452 0000008182
01453 0000007000
01454 0000064548
01455 0000001494
01456 0000006031
01457 0000003296
01458 0000002753
01459 0000008515
01460 0000006179
01461 0000005234
01462 0000002332
01463 0000060328
01464 0000002654
01465 0000061768
01466 0000060600
01467 0000006412
01468 0000006820
01469 0000059674
01470 0000055465
01471 0000002416
01472 0000000038
01473 0000002806
01474 0000007476
01475 0000004214
01476 0000003466
01477 0000001671
01478 0000055322
01479 0000001441
01480 0000060707
01481 0000065535
01482 0000001848
01483 0000064657
01484 0000004166
01485 0000061218
01486 0000063609
01487 0000065283
01488 0000003506
01489 0000007129
01490 0000058204
01491 0000007801
01492 0000063691
01493 0000001488
01494 0000006902
01495 0000000236
01496 0000060798
01497 0000062445
01498 0000064407
01499 0000061874
01500 0000002795
01501 0000005581
01502 0000000014
01503 0000010266
01504 0000058717
01505 0000007714
01506 0000002864
01507 0000062133
01508 0000001848
01509 0000002628
01510 0000001638
01511 0000061675
01512 0000003496
01513 0000009909
01514 0000062541
01515 0000000907
01516 0000008211
01517 0000004262
01518 0000062468
01519 0000000062
01520 0000061296
01521 0000057537
01522 0000004928
01523 0000006144
01524 0000002770
01525 0000006543
01526 0000000567
01527 0000064914
01528 0000058923
01529 0000062293
01530 0000064717
01531 0000063249
01532 0000062915
01533 0000062331
01534 0000000882
01535 0000002598
01536 0000059210
01537 0000062984
01538 0000063692
01539 0000058001
01540 0000055155
01541 0000004089
01542 0000003501
01543 0000000828
01544 0000063615
01545 0000064755
01546 0000063335
01547 0000004254
01548 0000061904
01549 0000001168
01550 0000002806
01551 0000064613
01552 0000002893
01553 0000059802
01554 0000065254
01555 0000060289
01556 0000061362
01557 0000060927
01558 0000001840
01559 0000000619
01560 0000060766
01561 0000003231
01562 0000002926
01563 0000010366
01564 0000006373
01565 0000064731
01566 0000005931
01567 0000004979
01568 0000064372
01569 0000064400
01570 0000003245
01571 0000064193
01572 0000064325
01573 0000061177
01574 0000004297
01575 0000004598
01576 0000065335
01577 0000002125
01578 0000062319
01579 0000064440
01580 0000063072
01581 0000001002
01582 0000006142
01583 0000064353
01584 0000000788
01585 0000062330
01586 0000062719
01587 0000062167
01588 0000060565
01589 0000003437
01590 0000002116
01591 0000063893
01592 0000008249
01593 0000007522
01594 0000059579
01595 0000065157
01596 0000058465
01597 0000005072
01598 0000007047
01599 0000064195
01600 0000003895
01601 0000009049
01602 0000000491
01603 0000062501
01604 0000000872
01605 0000056365
01606 0000055805
01607 0000008089
01608 0000063223
01609 0000003207
01610 0000002133
01611 0000000355
01612 0000006757
01613 0000062467
01614 0000061536
01615 0000003419
01616 0000062026
01617 0000054292
01618 0000001842
01619 0000059750
01620 0000011348
01621 0000006874
01622 0000064883
01623 0000000886
01624 0000003046
01625 0000053679
01626 0000062812
01627 0000005539
01628 0000060912
01629 0000061874
01630 0000003110
01631 0000002106
01632 0000059100
01633 0000055665
01634 0000008041
01635 0000064675
01636 0000054075
01637 0000061876
01638 0000058870
01639 0000007206
01640 0000064784
01641 0000002722
01642 0000062001
01643 0000059537
01644 0000057524
01645 0000064357
01646 0000001456
01647 0000004018
01648 0000063483
01649 0000062911
01650 0000061131
01651 0000058939
01652 0000063857
01653 0000005712
01654 0000064889
01655 0000061315
01656 0000057782
01657 0000064241
01658 0000063138
01659 0000000486
01660 0000060647
01661 0000063661
01662 0000061982
01663 0000063219
01664 0000059745
01665 0000056493
01666 0000062513
01667 0000002464
01668 0000060671
01669 0000059874
01670 0000002860
01671 0000056804
01672 0000063014
01673 0000007917
01674 0000007508
01675 0000002029
01676 0000063559
01677 0000005415
01678 0000063571
01679 0000002477
01680 0000064266
01681 0000000808
01682 0000003758
01683 0000000117
01684 0000058727
01685 0000060962
01686 0000062691
01687 0000065330
01688 0000005715
01689 0000007148
01690 0000003119
01691 0000064017
01692 0000004739
01693 0000061259
01694 0000064895
01695 0000004013
01696 0000000424
01697 0000060393
01698 0000062906
01699 0000002298
01700 0000007133
01701 0000008846
01702 0000063986
01703 0000001660
01704 0000063239
01705 0000065185
01706 0000004190
01707 0000003488
01708 0000007100
01709 0000001286
01710 0000065314
01711 0000003723
01712 0000059361
01713 0000000851
01714 0000011189
01715 0000058197
01716 0000004069
01717 0000058506
01718 0000057805
01719 0000060849
01720 0000056963
01721 0000009059
01722 0000064707
01723 0000063279
01724 0000063479
01725 0000065319
01726 0000060703
01727 0000055313
01728 0000059430
01729 0000007754
01730 0000062138
01731 0000054444
01732 0000002221
01733 0000013899
01734 0000063249
01735 0000062271
01736 0000000394
01737 0000064099
01738 0000065167
01739 0000062935
01740 0000010384
01741 0000005699
01742 0000011258
01743 0000058097
01744 0000000162
01745 0000000788
01746 0000060323
01747 0000004625
01748 0000000259
01749 0000057486
01750 0000007367
01751 0000064573
01752 0000062931
01753 0000003830
01754 0000008427
01755 0000000121
01756 0000063537
01757 0000002953
01758 0000063172
01759 0000055582
01760 0000004855
01761 0000001930
01762 0000009293
01763 0000009457
01764 0000002300
01765 0000058631
01766 0000063878
01767 0000001486
01768 0000061448
01769 0000002754
01770 0000002274
01771 0000065385
01772 0000005682
01773 0000065260
01774 0000001566
01775 0000058366
01776 0000001502
01777 0000065222
01778 0000003058
01779 0000002965
01780 0000062500
01781 0000004898
01782 0000054564
01783 0000001899
01784 0000003963
01785 0000065054
01786 0000004986
01787 0000004110
01788 0000064864
01789 0000002390
01790 0000060476
01791 0000009644
01792 0000005852
01793 0000065153
01794 0000064081
01795 0000059698
01796 0000061479
01797 0000061605
01798 0000001865
01799 0000065218
01800 0000002872
01801 0000007315
01802 0000060770
01803 0000062069
01804 0000001070
01805 0000006531
01806 0000002299
01807 0000004917
01808 0000003257
01809 0000004468
01810 0000007065
01811 0000001385
01812 0000064526
01813 0000063473
01814 0000009852
01815 0000060579
01816 0000062767
01817 0000003357
01818 0000003625
01819 0000002944
01820 0000058624
01821 0000063756
01822 0000054390
01823 0000064886
01824 0000000338
01825 0000055711
01826 0000007312
01827 0000008015
01828 0000000396
01829 0000000864
01830 0000060445
01831 0000062795
01832 0000001525
01833 0000053162
01834 0000061025
01835 0000001774
01836 0000002626
01837 0000001345
01838 0000058249
01839 0000060854
01840 0000055892
01841 0000062138
01842 0000064564
01843 0000062770
01844 0000007696
01845 0000061456
01846 0000003070
01847 0000062823
01848 0000007602
01849 0000064830
01850 0000057022
01851 0000001272
01852 0000004457
01853 0000000758
01854 0000001564
01855 0000006225
01856 0000004008
01857 0000001593
01858 0000056212
01859 0000061734
01860 0000002652
01861 0000000739
01862 0000060960
01863 0000003704
01864 0000011557
01865 0000008779
01866 0000064437
01867 0000063243
01868 0000006723
01869 0000002982
01870 0000007203
01871 0000063628
01872 0000001702
01873 0000002661
01874 0000064130
01875 0000059861
01876 0000003639
01877 0000064966
01878 0000058413
01879 0000059348
01880 0000000853
01881 0000062790
01882 0000059399
01883 0000005588
01884 0000007255
01885 0000005847
01886 0000004121
01887 0000009259
01888 0000064643
01889 0000059576
01890 0000001612
01891 0000059939
01892 0000011676
01893 0000011594
01894 0000062758
01895 0000001973
01896 0000063870
01897 0000059985
01898 0000001760
01899 0000005598
01900 0000060615
01901 0000000519
01902 0000061211
01903 0000064571
01904 0000001137
01905 0000061531
01906 0000062782
01907 0000006325
01908 0000064359
01909 0000000985
01910 0000007043
01911 0000001619
01912 0000063383
01913 0000004637
01914 0000006185
01915 0000058489
01916 0000003136
01917 0000064707
01918 0000062772
01919 0000000344
01920 0000064487
01921 0000000547
01922 0000064731
01923 0000059288
01924 0000063641
01925 0000002373
01926 0000055605
01927 0000060108
01928 0000062732
01929 0000060880
01930 0000063819
01931 0000063770
01932 0000004508
01933 0000063278
01934 0000001934
01935 0000000605
01936 0000001155
01937 0000064976
01938 0000064049
01939 0000002375
01940 0000062054
01941 0000061109
01942 0000004262
01943 0000006416
01944 0000064022
01945 0000001965
01946 0000005647
01947 0000001994
01948 0000005399
01949 0000005112
01950 0000062687
01951 0000001886
01952 0000004703
01953 0000064808
01954 0000006213
01955 0000056532
01956 0000065149
01957 0000002466
01958 0000061163
01959 0000059616
01960 0000064092
01961 0000004838
01962 0000056166
01963 0000062251
01964 0000063980
01965 0000000447
01966 0000057959
01967 0000002826
01968 0000002718
01969 0000060144
01970 0000057142
01971 0000063073
01972 0000000569
01973 0000061584
01974 0000064083
01975 0000056704
01976 0000062024
01977 0000006449
01978 0000000218
01979 0000005247
01980 0000000128
01981 0000008793
01982 0000061985
01983 0000063887
01984 0000005760
01985 0000062628
01986 0000000173
01987 0000063258
01988 0000056421
01989 0000061543
01990 0000065425
01991 0000001026
01992 0000010192
01993 0000004564
01994 0000064144
01995 0000005270
01996 0000064546
01997 0000001597
01998 0000000406
01999 0000003241
02000 0000010514
02001 0000005172
02002 0000002556
02003 0000064723
02004 0000003561
02005 0000062034
02006 0000058998
02007 0000061056
02008 0000004908
02009 0000000207
02010 0000008045
02011 0000003520
02012 0000000942
02013 0000000489
02014 0000055578
02015 0000000720
02016 0000011967
02017 0000000444
02018 0000008521
02019 0000062319
02020 0000003571
02021 0000059217
02022 0000001532
02023 0000000090
02024 0000054499
02025 0000007187
02026 0000058705
02027 0000064604
02028 0000008123
02029 0000064197
02030 0000059659
02031 0000002321
02032 0000003659
02033 0000059085
02034 0000000019
02035 0000000008
02036 0000061041
02037 0000001956
02038 0000002076
02039 0000063399
02040 0000064754
02041 0000063851
02042 0000062439
02043 0000052360
02044 0000061602
02045 0000006358
02046 0000064670
02047 0000001791
 
