0,	0,	0,	-8,	2,	
1,	0,	0,	0,	-7,	
2,	0,	0,	8,	2,	
3,	0,	0,	-3,	7,	
4,	0,	0,	-5,	-5,	
5,	0,	-1,	7,	-4,	
6,	-1,	0,	3,	7,	
7,	0,	0,	-7,	1,	
8,	0,	0,	2,	-7,	
9,	0,	0,	7,	3,	
10,	0,	-1,	-5,	6,	
11,	0,	0,	-5,	-6,	
12,	0,	0,	7,	-2,	
13,	0,	0,	1,	8,	
14,	0,	1,	-7,	0,	
15,	0,	0,	3,	-7,	
16,	0,	-1,	6,	5,	
17,	0,	0,	-6,	5,	
18,	0,	0,	-3,	-7,	
19,	1,	0,	8,	-2,	
20,	0,	0,	0,	8,	
21,	0,	0,	-7,	-2,	
22,	0,	0,	5,	-6,	
23,	0,	0,	5,	6,	
24,	0,	0,	-6,	4,	
25,	0,	0,	-1,	-7,	
26,	0,	0,	8,	0,	
27,	-1,	0,	-2,	7,	
28,	0,	1,	-6,	-3,	
29,	0,	0,	5,	-6,	
30,	0,	0,	5,	7,	
31,	0,	0,	-7,	3,	
32,	1,	0,	-1,	-8,	
33,	1,	0,	8,	1,	
34,	0,	0,	-3,	8,	
35,	0,	0,	-6,	-4,	
36,	0,	0,	6,	-5,	
37,	0,	0,	2,	7,	
38,	1,	0,	-8,	1,	
39,	0,	0,	1,	-7,	
40,	0,	0,	8,	3,	
41,	0,	0,	-5,	6,	
42,	0,	0,	-5,	-6,	
43,	0,	0,	7,	-3,	
44,	0,	1,	1,	8,	
45,	0,	0,	-7,	0,	
46,	0,	0,	2,	-8,	
47,	0,	0,	7,	4,	
48,	0,	0,	-6,	5,	
49,	1,	1,	-3,	-7,	
50,	0,	1,	7,	-2,	
51,	0,	0,	0,	8,	
52,	0,	0,	-7,	-1,	
53,	0,	1,	3,	-7,	
54,	0,	0,	5,	5,	
55,	0,	0,	-7,	5,	
56,	0,	0,	-2,	-7,	
57,	0,	0,	7,	0,	
58,	0,	0,	-1,	8,	
59,	0,	-1,	-7,	-3,	
60,	0,	0,	5,	-6,	
61,	0,	0,	5,	6,	
62,	-1,	0,	-7,	3,	
63,	0,	-1,	-1,	-7,	
64,	0,	0,	8,	1,	
65,	0,	0,	-3,	7,	
66,	0,	0,	-6,	-4,	
67,	0,	0,	6,	-4,	
68,	0,	0,	3,	7,	
69,	-1,	0,	-7,	1,	
70,	0,	0,	1,	-7,	
71,	0,	0,	8,	2,	
72,	0,	0,	-3,	6,	
73,	0,	0,	-5,	-5,	
74,	0,	0,	6,	-4,	
75,	0,	0,	1,	7,	
76,	0,	0,	-7,	1,	
77,	0,	0,	2,	-7,	
78,	0,	0,	7,	3,	
79,	1,	0,	-6,	6,	
80,	0,	0,	-4,	-6,	
81,	0,	0,	7,	-2,	
82,	0,	0,	1,	8,	
83,	0,	0,	-7,	-1,	
84,	0,	0,	3,	-7,	
85,	-1,	0,	6,	5,	
86,	0,	0,	-6,	5,	
87,	0,	0,	-3,	-7,	
88,	0,	0,	8,	-2,	
89,	0,	0,	-1,	7,	
90,	0,	0,	-7,	-3,	
91,	0,	0,	4,	-6,	
92,	0,	0,	5,	6,	
93,	0,	0,	-7,	3,	
94,	-1,	0,	-1,	-7,	
95,	0,	0,	8,	0,	
96,	0,	0,	-2,	7,	
97,	0,	0,	-6,	-4,	
98,	0,	0,	6,	-5,	
99,	0,	0,	4,	7,	
100,	0,	1,	-7,	2,	
101,	0,	0,	0,	-8,	
102,	0,	0,	8,	2,	
103,	0,	0,	-3,	6,	
104,	0,	-1,	-6,	-5,	
105,	0,	0,	7,	-4,	
106,	0,	1,	3,	8,	
107,	0,	0,	-7,	1,	
108,	0,	1,	2,	-7,	
109,	0,	0,	7,	3,	
110,	0,	0,	-5,	6,	
111,	0,	0,	-5,	-6,	
112,	0,	-1,	7,	-2,	
113,	0,	0,	1,	8,	
114,	0,	0,	-7,	-1,	
115,	0,	0,	3,	-7,	
116,	0,	0,	6,	4,	
117,	0,	0,	-5,	5,	
118,	0,	0,	-4,	-7,	
119,	0,	-1,	7,	-2,	
120,	0,	0,	-1,	7,	
121,	0,	0,	-7,	-2,	
122,	0,	0,	4,	-7,	
123,	0,	0,	6,	6,	
124,	0,	0,	-6,	4,	
125,	0,	0,	-2,	-8,	
126,	0,	0,	8,	0,	
127,	0,	0,	-1,	8,	
128,	0,	0,	-6,	-3,	
129,	-1,	0,	5,	-6,	
130,	0,	0,	4,	7,	
131,	0,	0,	-7,	3,	
132,	0,	1,	0,	-7,	
133,	0,	1,	8,	1,	
134,	0,	0,	-3,	7,	
135,	0,	0,	-6,	-4,	
136,	0,	0,	7,	-5,	
137,	0,	0,	2,	7,	
138,	0,	0,	-7,	1,	
139,	0,	0,	1,	-8,	
140,	0,	0,	7,	3,	
141,	1,	0,	-4,	7,	
142,	0,	0,	-4,	-5,	
143,	0,	0,	7,	-3,	
144,	0,	0,	2,	8,	
145,	0,	0,	-7,	0,	
146,	0,	0,	2,	-7,	
147,	0,	0,	6,	4,	
148,	0,	0,	-5,	5,	
149,	0,	0,	-4,	-7,	
150,	-1,	0,	7,	-2,	
151,	-1,	0,	0,	8,	
152,	0,	0,	-7,	-2,	
153,	0,	0,	4,	-6,	
154,	0,	-1,	6,	5,	
155,	0,	0,	-6,	4,	
156,	0,	0,	-2,	-7,	
157,	0,	0,	8,	0,	
158,	0,	0,	-1,	8,	
159,	0,	0,	-7,	-3,	
160,	0,	0,	4,	-6,	
161,	0,	0,	4,	7,	
162,	-1,	0,	-7,	4,	
163,	0,	0,	-1,	-8,	
164,	0,	0,	8,	0,	
165,	0,	0,	-3,	7,	
166,	0,	-1,	-6,	-4,	
167,	0,	0,	6,	-5,	
168,	0,	0,	4,	7,	
169,	1,	0,	-7,	1,	
170,	0,	0,	1,	-7,	
171,	0,	0,	7,	2,	
172,	0,	0,	-4,	7,	
173,	1,	0,	-5,	-5,	
174,	0,	0,	7,	-3,	
175,	0,	0,	2,	7,	
176,	0,	0,	-7,	0,	
177,	0,	0,	2,	-7,	
178,	0,	0,	7,	4,	
179,	0,	0,	-5,	6,	
180,	0,	0,	-4,	-6,	
181,	0,	0,	7,	-3,	
182,	0,	0,	0,	8,	
183,	0,	0,	-7,	-1,	
184,	0,	0,	3,	-7,	
185,	0,	0,	5,	5,	
186,	0,	0,	-6,	5,	
187,	0,	0,	-3,	-7,	
188,	0,	0,	8,	-1,	
189,	0,	0,	0,	8,	
190,	0,	0,	-7,	-2,	
191,	0,	0,	5,	-6,	
192,	0,	0,	5,	5,	
193,	0,	0,	-7,	3,	
194,	0,	0,	-2,	-7,	
195,	0,	0,	8,	0,	
196,	0,	0,	-2,	7,	
197,	0,	1,	-6,	-4,	
198,	0,	0,	5,	-5,	
199,	0,	-1,	3,	7,	
200,	0,	-1,	-7,	2,	
201,	0,	0,	0,	-8,	
202,	0,	0,	8,	2,	
203,	0,	0,	-4,	6,	
204,	0,	0,	-5,	-5,	
205,	0,	0,	7,	-4,	
206,	0,	0,	2,	7,	
207,	0,	-1,	-8,	0,	
208,	0,	0,	2,	-7,	
209,	0,	1,	8,	3,	
210,	0,	0,	-5,	6,	
211,	0,	0,	-5,	-5,	
212,	0,	0,	7,	-3,	
213,	0,	0,	1,	7,	
214,	0,	0,	-7,	-1,	
215,	0,	0,	3,	-7,	
216,	0,	0,	6,	4,	
217,	0,	-1,	-6,	5,	
218,	0,	0,	-3,	-7,	
219,	0,	1,	7,	-2,	
220,	0,	0,	-1,	7,	
221,	0,	0,	-7,	-2,	
222,	0,	0,	4,	-6,	
223,	1,	0,	6,	6,	
224,	0,	0,	-7,	4,	
225,	0,	0,	-1,	-8,	
226,	1,	0,	8,	0,	
227,	1,	0,	-2,	8,	
228,	0,	0,	-6,	-3,	
229,	0,	0,	5,	-6,	
230,	0,	0,	5,	6,	
231,	0,	0,	-7,	3,	
232,	0,	-1,	-1,	-7,	
233,	0,	0,	8,	1,	
234,	0,	0,	-3,	7,	
235,	1,	0,	-6,	-4,	
236,	0,	0,	6,	-4,	
237,	0,	0,	3,	7,	
238,	0,	0,	-7,	2,	
239,	0,	1,	1,	-7,	
240,	0,	0,	7,	3,	
241,	0,	-1,	-5,	6,	
242,	0,	0,	-5,	-6,	
243,	-1,	0,	7,	-3,	
244,	0,	0,	1,	7,	
245,	0,	0,	-7,	0,	
246,	0,	1,	3,	-7,	
247,	1,	0,	6,	3,	
248,	0,	-1,	-5,	6,	
249,	0,	0,	-4,	-7,	
250,	0,	0,	8,	-2,	
251,	0,	0,	0,	8,	
252,	0,	0,	-7,	-2,	
253,	0,	0,	4,	-7,	
254,	0,	0,	6,	5,	
255,	0,	0,	-6,	5,	
256,	0,	0,	-2,	-7,	
257,	0,	0,	8,	0,	
258,	0,	0,	-2,	8,	
259,	-1,	0,	-7,	-3,	
260,	0,	0,	5,	-6,	
261,	0,	0,	5,	6,	
262,	-1,	0,	-7,	3,	
263,	0,	0,	-1,	-8,	
264,	1,	0,	8,	1,	
265,	0,	0,	-3,	8,	
266,	0,	0,	-6,	-4,	
267,	0,	0,	6,	-5,	
268,	0,	0,	3,	7,	
269,	0,	0,	-8,	2,	
270,	0,	0,	0,	-7,	
271,	0,	0,	8,	2,	
272,	1,	0,	-4,	7,	
273,	0,	0,	-5,	-6,	
274,	0,	0,	7,	-4,	
275,	0,	0,	2,	8,	
276,	0,	-1,	-7,	0,	
277,	0,	0,	2,	-8,	
278,	-1,	0,	7,	4,	
279,	0,	0,	-5,	6,	
280,	0,	0,	-4,	-7,	
281,	0,	0,	7,	-3,	
282,	0,	0,	0,	8,	
283,	0,	0,	-7,	-1,	
284,	0,	0,	3,	-7,	
285,	0,	1,	6,	5,	
286,	0,	0,	-6,	5,	
287,	1,	0,	-3,	-6,	
288,	0,	0,	7,	-1,	
289,	0,	0,	0,	7,	
290,	0,	0,	-8,	-2,	
291,	-1,	1,	4,	-6,	
292,	0,	0,	5,	6,	
293,	0,	0,	-7,	3,	
294,	0,	0,	-1,	-8,	
295,	0,	0,	8,	0,	
296,	0,	0,	-2,	7,	
297,	0,	0,	-6,	-4,	
298,	0,	1,	6,	-6,	
299,	0,	0,	4,	7,	
300,	0,	0,	-7,	2,	
301,	0,	0,	0,	-8,	
302,	0,	0,	7,	2,	
303,	-1,	0,	-3,	7,	
304,	0,	0,	-5,	-5,	
305,	0,	0,	6,	-4,	
306,	0,	0,	3,	8,	
307,	0,	0,	-8,	0,	
308,	1,	0,	1,	-8,	
309,	0,	0,	7,	3,	
310,	0,	-1,	-5,	6,	
311,	0,	0,	-5,	-6,	
312,	0,	1,	7,	-3,	
313,	0,	0,	1,	7,	
314,	1,	-1,	-7,	-1,	
315,	0,	0,	3,	-7,	
316,	0,	1,	7,	4,	
317,	0,	0,	-6,	5,	
318,	0,	0,	-3,	-7,	
319,	0,	0,	8,	-2,	
320,	0,	-1,	0,	7,	
321,	0,	0,	-7,	-2,	
322,	0,	0,	4,	-6,	
323,	0,	0,	5,	6,	
324,	0,	1,	-7,	4,	
325,	0,	0,	-2,	-7,	
326,	0,	0,	8,	0,	
327,	0,	0,	-2,	7,	
328,	0,	0,	-7,	-3,	
329,	0,	0,	5,	-6,	
330,	0,	0,	4,	7,	
331,	0,	0,	-7,	3,	
332,	0,	0,	0,	-8,	
333,	0,	0,	8,	1,	
334,	0,	0,	-3,	7,	
335,	0,	0,	-6,	-5,	
336,	0,	0,	6,	-4,	
337,	0,	0,	3,	7,	
338,	0,	0,	-7,	1,	
339,	0,	0,	1,	-8,	
340,	0,	0,	7,	2,	
341,	0,	0,	-5,	6,	
342,	0,	0,	-5,	-6,	
343,	0,	0,	7,	-4,	
344,	0,	0,	2,	7,	
345,	0,	0,	-7,	0,	
346,	1,	0,	2,	-7,	
347,	0,	0,	6,	4,	
348,	0,	0,	-5,	5,	
349,	0,	-1,	-4,	-7,	
350,	0,	0,	7,	-2,	
351,	0,	0,	0,	8,	
352,	0,	0,	-7,	-2,	
353,	0,	0,	4,	-6,	
354,	0,	0,	6,	6,	
355,	0,	0,	-7,	4,	
356,	0,	0,	-3,	-7,	
357,	0,	0,	7,	0,	
358,	0,	0,	-1,	8,	
359,	0,	0,	-7,	-3,	
360,	0,	0,	5,	-6,	
361,	0,	-1,	4,	6,	
362,	0,	0,	-7,	3,	
363,	0,	1,	0,	-8,	
364,	-1,	0,	8,	1,	
365,	0,	-1,	-2,	7,	
366,	0,	0,	-6,	-4,	
367,	0,	0,	6,	-5,	
368,	0,	0,	4,	7,	
369,	0,	0,	-8,	2,	
370,	0,	-1,	0,	-8,	
371,	0,	0,	7,	2,	
372,	-1,	1,	-4,	7,	
373,	0,	0,	-5,	-5,	
374,	0,	0,	6,	-4,	
375,	0,	0,	2,	7,	
376,	0,	0,	-7,	0,	
377,	0,	0,	2,	-7,	
378,	0,	0,	7,	3,	
379,	0,	0,	-5,	6,	
380,	0,	0,	-4,	-6,	
381,	0,	0,	8,	-2,	
382,	0,	0,	1,	7,	
383,	0,	0,	-8,	-1,	
384,	1,	0,	3,	-7,	
385,	0,	0,	6,	5,	
386,	-1,	1,	-6,	4,	
387,	0,	0,	-3,	-7,	
388,	0,	0,	8,	-1,	
389,	0,	0,	-1,	8,	
390,	0,	0,	-8,	-2,	
391,	0,	0,	4,	-6,	
392,	0,	0,	5,	6,	
393,	0,	0,	-7,	4,	
394,	0,	0,	-2,	-8,	
395,	0,	0,	8,	0,	
396,	0,	0,	-2,	7,	
397,	0,	0,	-6,	-4,	
398,	0,	0,	6,	-5,	
399,	0,	-1,	4,	7,	
400,	0,	0,	-7,	2,	
401,	0,	0,	0,	-8,	
402,	0,	0,	7,	2,	
403,	0,	-1,	-3,	7,	
404,	0,	0,	-5,	-5,	
405,	0,	0,	6,	-4,	
406,	0,	0,	2,	7,	
407,	1,	0,	-8,	1,	
408,	0,	0,	2,	-7,	
409,	0,	0,	7,	3,	
410,	0,	0,	-5,	6,	
411,	1,	0,	-5,	-6,	
412,	0,	0,	7,	-3,	
413,	0,	0,	1,	7,	
414,	0,	0,	-7,	-1,	
415,	0,	0,	3,	-7,	
416,	0,	0,	6,	4,	
417,	0,	0,	-5,	5,	
418,	0,	0,	-3,	-7,	
419,	0,	0,	8,	-2,	
420,	0,	0,	0,	7,	
421,	-1,	0,	-7,	-2,	
422,	0,	0,	4,	-6,	
423,	0,	-1,	5,	6,	
424,	0,	0,	-7,	4,	
425,	0,	0,	-2,	-7,	
426,	0,	0,	7,	0,	
427,	0,	0,	-2,	7,	
428,	-1,	0,	-6,	-4,	
429,	0,	0,	5,	-6,	
430,	0,	0,	4,	7,	
431,	0,	0,	-6,	2,	
432,	0,	0,	-1,	-8,	
433,	0,	0,	8,	1,	
434,	0,	0,	-3,	7,	
435,	0,	0,	-6,	-5,	
436,	0,	0,	6,	-4,	
437,	0,	0,	3,	7,	
438,	0,	0,	-7,	1,	
439,	0,	0,	1,	-7,	
440,	0,	0,	7,	2,	
441,	0,	0,	-4,	6,	
442,	0,	0,	-5,	-6,	
443,	0,	0,	7,	-3,	
444,	0,	0,	2,	8,	
445,	0,	0,	-8,	0,	
446,	0,	0,	2,	-7,	
447,	-1,	0,	6,	4,	
448,	0,	0,	-5,	5,	
449,	0,	0,	-4,	-7,	
450,	0,	0,	7,	-2,	
451,	0,	0,	0,	8,	
452,	0,	0,	-8,	-2,	
453,	0,	0,	4,	-7,	
454,	0,	0,	6,	5,	
455,	0,	0,	-7,	5,	
456,	0,	0,	-2,	-7,	
457,	0,	0,	8,	-1,	
458,	0,	0,	-2,	7,	
459,	0,	0,	-7,	-3,	
460,	0,	0,	5,	-6,	
461,	0,	0,	5,	6,	
462,	0,	0,	-7,	3,	
463,	0,	0,	-1,	-7,	
464,	1,	1,	7,	1,	
465,	0,	0,	-2,	8,	
466,	-1,	0,	-5,	-4,	
467,	0,	0,	6,	-5,	
468,	0,	0,	3,	7,	
469,	0,	0,	-7,	2,	
470,	0,	0,	1,	-7,	
471,	0,	0,	8,	2,	
472,	0,	1,	-4,	7,	
473,	0,	0,	-5,	-5,	
474,	0,	0,	7,	-4,	
475,	0,	0,	2,	8,	
476,	1,	0,	-7,	0,	
477,	0,	-1,	2,	-7,	
478,	0,	0,	7,	3,	
479,	0,	0,	-5,	5,	
480,	0,	0,	-4,	-6,	
481,	0,	0,	7,	-2,	
482,	0,	0,	0,	8,	
483,	0,	0,	-7,	-2,	
484,	0,	1,	4,	-7,	
485,	0,	0,	6,	5,	
486,	0,	0,	-6,	5,	
487,	0,	0,	-3,	-7,	
488,	1,	0,	8,	-1,	
489,	0,	0,	0,	8,	
490,	0,	0,	-7,	-3,	
491,	0,	0,	4,	-6,	
492,	-1,	-1,	5,	6,	
493,	-1,	0,	-7,	3,	
494,	0,	0,	-1,	-7,	
495,	0,	0,	8,	1,	
496,	0,	-1,	-2,	8,	
497,	0,	0,	-7,	-4,	
498,	0,	0,	5,	-5,	
499,	0,	0,	4,	7,	
500,	0,	0,	-7,	2,	
501,	0,	0,	0,	-8,	
502,	0,	1,	8,	2,	
503,	0,	0,	-3,	7,	
504,	0,	0,	-5,	-5,	
505,	0,	0,	6,	-4,	
506,	0,	1,	2,	8,	
507,	0,	0,	-8,	1,	
508,	0,	0,	2,	-7,	
509,	0,	0,	7,	3,	
510,	0,	0,	-4,	6,	
511,	0,	0,	-4,	-5,	
512,	0,	0,	7,	-3,	
513,	0,	0,	1,	7,	
514,	1,	0,	-8,	-1,	
515,	0,	0,	3,	-7,	
516,	0,	0,	6,	4,	
517,	0,	-1,	-6,	5,	
518,	0,	0,	-3,	-6,	
519,	-1,	1,	8,	-2,	
520,	0,	0,	0,	8,	
521,	0,	0,	-7,	-2,	
522,	-1,	0,	4,	-7,	
523,	0,	0,	5,	5,	
524,	0,	0,	-6,	4,	
525,	0,	0,	-2,	-7,	
526,	0,	0,	8,	0,	
527,	0,	0,	-2,	7,	
528,	0,	0,	-6,	-3,	
529,	0,	0,	5,	-5,	
530,	0,	0,	4,	6,	
531,	0,	0,	-8,	2,	
532,	0,	0,	-1,	-7,	
533,	0,	0,	8,	2,	
534,	0,	0,	-3,	7,	
535,	0,	0,	-6,	-5,	
536,	0,	0,	5,	-4,	
537,	0,	0,	3,	7,	
538,	0,	0,	-7,	1,	
539,	1,	0,	1,	-8,	
540,	0,	0,	7,	3,	
541,	0,	0,	-4,	7,	
542,	0,	0,	-4,	-6,	
543,	0,	0,	7,	-4,	
544,	0,	0,	2,	8,	
545,	0,	0,	-7,	0,	
546,	0,	0,	2,	-7,	
547,	0,	0,	7,	4,	
548,	0,	0,	-5,	5,	
549,	0,	1,	-4,	-6,	
550,	0,	0,	7,	-2,	
551,	0,	-1,	1,	8,	
552,	0,	0,	-8,	-2,	
553,	0,	0,	4,	-6,	
554,	0,	0,	5,	5,	
555,	0,	0,	-6,	4,	
556,	0,	0,	-2,	-7,	
557,	0,	0,	8,	-1,	
558,	0,	0,	-2,	8,	
559,	0,	0,	-6,	-3,	
560,	0,	0,	5,	-5,	
561,	1,	0,	5,	7,	
562,	0,	0,	-7,	3,	
563,	0,	0,	-1,	-7,	
564,	0,	0,	8,	1,	
565,	0,	0,	-3,	7,	
566,	0,	0,	-6,	-4,	
567,	0,	0,	6,	-4,	
568,	0,	0,	3,	7,	
569,	0,	0,	-7,	1,	
570,	0,	0,	1,	-8,	
571,	0,	0,	8,	2,	
572,	0,	0,	-4,	7,	
573,	0,	-1,	-5,	-5,	
574,	0,	0,	6,	-4,	
575,	0,	0,	2,	8,	
576,	0,	0,	-7,	0,	
577,	0,	0,	2,	-7,	
578,	0,	0,	7,	4,	
579,	0,	0,	-5,	6,	
580,	1,	0,	-4,	-6,	
581,	0,	0,	7,	-2,	
582,	0,	0,	0,	8,	
583,	0,	0,	-7,	-1,	
584,	0,	1,	3,	-7,	
585,	0,	0,	6,	5,	
586,	-1,	0,	-6,	5,	
587,	0,	-1,	-3,	-7,	
588,	1,	0,	8,	-1,	
589,	0,	0,	-1,	8,	
590,	0,	0,	-6,	-2,	
591,	0,	0,	5,	-6,	
592,	0,	0,	5,	6,	
593,	0,	0,	-7,	3,	
594,	0,	0,	-2,	-7,	
595,	0,	0,	8,	1,	
596,	0,	0,	-2,	7,	
597,	0,	0,	-7,	-4,	
598,	0,	0,	5,	-5,	
599,	0,	0,	4,	6,	
600,	0,	0,	-7,	2,	
601,	0,	0,	0,	-8,	
602,	0,	1,	7,	2,	
603,	0,	0,	-4,	7,	
604,	0,	0,	-5,	-5,	
605,	0,	0,	7,	-4,	
606,	0,	-1,	2,	8,	
607,	0,	0,	-8,	1,	
608,	0,	0,	1,	-7,	
609,	0,	0,	7,	3,	
610,	0,	0,	-5,	6,	
611,	0,	0,	-4,	-6,	
612,	0,	0,	7,	-3,	
613,	0,	0,	1,	8,	
614,	0,	0,	-8,	0,	
615,	0,	0,	2,	-7,	
616,	0,	0,	6,	4,	
617,	0,	0,	-5,	5,	
618,	0,	0,	-4,	-6,	
619,	-1,	1,	7,	-1,	
620,	0,	0,	-1,	7,	
621,	0,	0,	-8,	-2,	
622,	0,	0,	4,	-6,	
623,	0,	0,	6,	6,	
624,	0,	0,	-6,	4,	
625,	0,	0,	-2,	-7,	
626,	0,	0,	7,	0,	
627,	0,	-1,	-2,	8,	
628,	0,	0,	-6,	-3,	
629,	0,	0,	4,	-6,	
630,	0,	0,	4,	7,	
631,	0,	0,	-7,	3,	
632,	0,	0,	-1,	-7,	
633,	0,	0,	8,	1,	
634,	0,	0,	-3,	7,	
635,	0,	0,	-5,	-5,	
636,	0,	0,	6,	-5,	
637,	0,	1,	2,	7,	
638,	0,	0,	-8,	2,	
639,	0,	0,	1,	-8,	
640,	0,	0,	7,	3,	
641,	0,	0,	-4,	6,	
642,	0,	0,	-5,	-6,	
643,	0,	0,	7,	-3,	
644,	0,	0,	2,	7,	
645,	0,	0,	-7,	0,	
646,	-1,	0,	2,	-7,	
647,	0,	0,	6,	4,	
648,	0,	0,	-5,	6,	
649,	0,	0,	-4,	-6,	
650,	0,	0,	7,	-1,	
651,	0,	0,	0,	8,	
652,	-1,	0,	-8,	-2,	
653,	0,	0,	4,	-7,	
654,	1,	0,	6,	5,	
655,	0,	0,	-6,	4,	
656,	0,	0,	-2,	-7,	
657,	0,	0,	8,	0,	
658,	0,	0,	-1,	8,	
659,	0,	0,	-7,	-3,	
660,	0,	0,	5,	-6,	
661,	0,	0,	4,	6,	
662,	0,	0,	-7,	3,	
663,	0,	0,	-1,	-7,	
664,	0,	0,	8,	1,	
665,	0,	0,	-3,	7,	
666,	0,	0,	-6,	-4,	
667,	0,	0,	6,	-5,	
668,	0,	0,	3,	7,	
669,	0,	0,	-7,	2,	
670,	0,	0,	0,	-7,	
671,	0,	0,	7,	2,	
672,	0,	0,	-4,	7,	
673,	-1,	0,	-5,	-5,	
674,	0,	0,	7,	-4,	
675,	1,	0,	2,	7,	
676,	0,	0,	-8,	0,	
677,	0,	0,	2,	-7,	
678,	0,	0,	7,	3,	
679,	1,	-1,	-6,	5,	
680,	0,	0,	-4,	-6,	
681,	0,	0,	8,	-2,	
682,	0,	0,	1,	8,	
683,	0,	0,	-8,	-1,	
684,	0,	0,	3,	-7,	
685,	0,	0,	6,	5,	
686,	0,	0,	-6,	5,	
687,	0,	0,	-3,	-7,	
688,	0,	0,	8,	-1,	
689,	0,	0,	-1,	7,	
690,	1,	0,	-7,	-2,	
691,	0,	0,	4,	-6,	
692,	0,	0,	5,	6,	
693,	0,	0,	-7,	4,	
694,	-1,	0,	-2,	-7,	
695,	0,	0,	8,	0,	
696,	0,	0,	-2,	8,	
697,	0,	-1,	-6,	-4,	
698,	0,	0,	6,	-5,	
699,	0,	0,	4,	7,	
700,	0,	0,	-7,	2,	
701,	0,	0,	0,	-8,	
702,	0,	0,	8,	2,	
703,	0,	0,	-3,	7,	
704,	0,	0,	-6,	-5,	
705,	0,	0,	6,	-4,	
706,	0,	0,	3,	8,	
707,	0,	0,	-8,	1,	
708,	0,	0,	2,	-8,	
709,	0,	0,	7,	3,	
710,	0,	0,	-5,	6,	
711,	0,	0,	-4,	-6,	
712,	0,	1,	7,	-3,	
713,	0,	0,	1,	7,	
714,	0,	0,	-7,	0,	
715,	0,	0,	2,	-8,	
716,	0,	0,	7,	4,	
717,	0,	0,	-6,	6,	
718,	0,	0,	-3,	-7,	
719,	0,	0,	7,	-2,	
720,	0,	-1,	-1,	8,	
721,	0,	0,	-7,	-2,	
722,	0,	0,	4,	-6,	
723,	0,	-1,	5,	6,	
724,	0,	0,	-7,	4,	
725,	0,	0,	-2,	-8,	
726,	-1,	-1,	8,	0,	
727,	0,	0,	-2,	7,	
728,	0,	0,	-7,	-4,	
729,	0,	0,	5,	-5,	
730,	0,	0,	4,	7,	
731,	0,	0,	-7,	2,	
732,	0,	0,	-1,	-7,	
733,	0,	0,	7,	1,	
734,	0,	0,	-3,	7,	
735,	0,	0,	-6,	-5,	
736,	0,	0,	6,	-5,	
737,	0,	0,	3,	8,	
738,	0,	0,	-8,	1,	
739,	0,	0,	1,	-7,	
740,	0,	0,	8,	2,	
741,	0,	-1,	-5,	6,	
742,	0,	0,	-5,	-5,	
743,	0,	0,	7,	-3,	
744,	0,	0,	1,	8,	
745,	0,	0,	-8,	-1,	
746,	0,	-1,	2,	-7,	
747,	0,	0,	6,	4,	
748,	0,	0,	-5,	5,	
749,	0,	0,	-4,	-7,	
750,	0,	0,	8,	-2,	
751,	0,	-1,	1,	7,	
752,	0,	0,	-7,	-2,	
753,	0,	0,	4,	-6,	
754,	0,	0,	6,	6,	
755,	0,	0,	-7,	4,	
756,	0,	0,	-2,	-7,	
757,	0,	0,	7,	0,	
758,	1,	0,	-1,	8,	
759,	0,	0,	-7,	-3,	
760,	0,	0,	4,	-6,	
761,	0,	0,	5,	6,	
762,	1,	0,	-7,	3,	
763,	0,	0,	-1,	-7,	
764,	0,	1,	8,	1,	
765,	0,	0,	-2,	7,	
766,	0,	0,	-6,	-5,	
767,	0,	0,	6,	-4,	
768,	0,	0,	3,	7,	
769,	0,	0,	-7,	2,	
770,	0,	-1,	1,	-7,	
771,	0,	0,	7,	2,	
772,	0,	0,	-4,	7,	
773,	0,	0,	-5,	-5,	
774,	0,	0,	7,	-3,	
775,	0,	-1,	2,	8,	
776,	0,	0,	-7,	0,	
777,	0,	0,	2,	-8,	
778,	0,	0,	6,	4,	
779,	0,	0,	-5,	6,	
780,	0,	0,	-4,	-7,	
781,	-1,	0,	8,	-2,	
782,	0,	0,	1,	8,	
783,	0,	-1,	-7,	-1,	
784,	0,	0,	3,	-7,	
785,	0,	0,	6,	5,	
786,	0,	0,	-6,	5,	
787,	0,	0,	-3,	-7,	
788,	0,	0,	7,	-1,	
789,	0,	0,	-1,	7,	
790,	0,	0,	-7,	-3,	
791,	0,	1,	5,	-6,	
792,	0,	0,	5,	6,	
793,	-1,	0,	-7,	4,	
794,	0,	0,	-2,	-7,	
795,	0,	0,	8,	0,	
796,	0,	0,	-2,	7,	
797,	1,	0,	-6,	-4,	
798,	0,	0,	6,	-6,	
799,	0,	0,	4,	7,	
800,	-1,	-1,	-6,	2,	
801,	0,	0,	0,	-8,	
802,	1,	0,	8,	2,	
803,	0,	0,	-4,	7,	
804,	0,	0,	-6,	-6,	
805,	0,	0,	6,	-4,	
806,	0,	0,	3,	7,	
807,	0,	0,	-8,	1,	
808,	0,	0,	2,	-7,	
809,	0,	0,	7,	3,	
810,	0,	0,	-5,	6,	
811,	0,	0,	-5,	-6,	
812,	0,	0,	7,	-2,	
813,	0,	0,	1,	7,	
814,	0,	-1,	-7,	-1,	
815,	0,	0,	3,	-7,	
816,	0,	0,	6,	4,	
817,	0,	0,	-6,	5,	
818,	0,	0,	-3,	-7,	
819,	0,	0,	8,	-1,	
820,	0,	0,	0,	7,	
821,	0,	0,	-7,	-2,	
822,	0,	-1,	4,	-7,	
823,	0,	0,	6,	6,	
824,	1,	0,	-6,	4,	
825,	0,	0,	-1,	-8,	
826,	0,	0,	8,	0,	
827,	0,	0,	-2,	8,	
828,	0,	0,	-6,	-3,	
829,	-1,	1,	5,	-5,	
830,	0,	0,	4,	6,	
831,	0,	0,	-7,	3,	
832,	0,	0,	0,	-7,	
833,	0,	0,	7,	1,	
834,	0,	0,	-3,	7,	
835,	0,	0,	-6,	-4,	
836,	0,	0,	6,	-4,	
837,	0,	0,	3,	7,	
838,	0,	0,	-7,	1,	
839,	0,	0,	2,	-8,	
840,	0,	-1,	7,	3,	
841,	0,	0,	-4,	6,	
842,	0,	0,	-5,	-6,	
843,	0,	0,	6,	-3,	
844,	0,	-1,	2,	7,	
845,	0,	0,	-7,	0,	
846,	0,	0,	2,	-7,	
847,	0,	0,	7,	4,	
848,	0,	0,	-6,	5,	
849,	0,	0,	-4,	-6,	
850,	0,	-1,	7,	-1,	
851,	0,	0,	0,	8,	
852,	0,	0,	-7,	-1,	
853,	0,	0,	4,	-7,	
854,	0,	0,	5,	5,	
855,	0,	-1,	-7,	4,	
856,	1,	0,	-2,	-7,	
857,	0,	0,	8,	0,	
858,	-1,	0,	-1,	8,	
859,	0,	0,	-6,	-3,	
860,	0,	0,	5,	-6,	
861,	0,	0,	5,	6,	
862,	0,	0,	-7,	3,	
863,	1,	0,	-1,	-7,	
864,	0,	-1,	8,	1,	
865,	0,	0,	-3,	7,	
866,	0,	0,	-6,	-4,	
867,	0,	0,	6,	-5,	
868,	0,	0,	3,	7,	
869,	0,	0,	-7,	1,	
870,	0,	0,	1,	-8,	
871,	0,	0,	7,	2,	
872,	0,	0,	-4,	6,	
873,	0,	0,	-5,	-5,	
874,	0,	0,	7,	-3,	
875,	0,	0,	2,	8,	
876,	0,	0,	-7,	0,	
877,	0,	0,	2,	-7,	
878,	0,	0,	7,	4,	
879,	0,	0,	-5,	6,	
880,	0,	0,	-4,	-6,	
881,	1,	0,	7,	-2,	
882,	0,	0,	1,	8,	
883,	0,	0,	-8,	-1,	
884,	0,	0,	3,	-7,	
885,	0,	0,	6,	5,	
886,	0,	0,	-6,	5,	
887,	0,	0,	-3,	-7,	
888,	0,	0,	8,	-1,	
889,	0,	0,	-1,	7,	
890,	0,	1,	-7,	-2,	
891,	0,	0,	4,	-6,	
892,	0,	0,	5,	6,	
893,	-1,	0,	-7,	4,	
894,	0,	0,	-1,	-7,	
895,	0,	0,	8,	1,	
896,	0,	0,	-2,	8,	
897,	0,	0,	-6,	-3,	
898,	0,	0,	6,	-5,	
899,	0,	0,	4,	7,	
900,	0,	1,	-7,	3,	
901,	0,	0,	0,	-7,	
902,	0,	-1,	8,	2,	
903,	0,	0,	-3,	7,	
904,	0,	1,	-5,	-5,	
905,	0,	0,	6,	-4,	
906,	0,	0,	3,	8,	
907,	0,	0,	-7,	1,	
908,	0,	0,	1,	-8,	
909,	0,	0,	7,	3,	
910,	0,	-1,	-4,	6,	
911,	0,	0,	-4,	-6,	
912,	0,	0,	7,	-3,	
913,	0,	0,	0,	8,	
914,	0,	0,	-8,	-1,	
915,	0,	0,	3,	-7,	
916,	1,	0,	7,	5,	
917,	0,	0,	-6,	5,	
918,	0,	0,	-3,	-7,	
919,	0,	0,	8,	-2,	
920,	-1,	0,	0,	8,	
921,	0,	0,	-7,	-2,	
922,	0,	0,	4,	-7,	
923,	0,	0,	6,	6,	
924,	0,	-1,	-6,	4,	
925,	1,	0,	-2,	-7,	
926,	0,	0,	8,	0,	
927,	0,	-1,	-1,	8,	
928,	0,	0,	-6,	-4,	
929,	1,	0,	5,	-6,	
930,	0,	0,	4,	6,	
931,	0,	0,	-8,	3,	
932,	0,	0,	-1,	-8,	
933,	0,	0,	7,	2,	
934,	0,	-1,	-3,	7,	
935,	0,	0,	-6,	-5,	
936,	0,	0,	6,	-5,	
937,	0,	0,	2,	7,	
938,	0,	0,	-7,	1,	
939,	0,	1,	1,	-7,	
940,	-1,	0,	7,	2,	
941,	0,	-1,	-4,	6,	
942,	0,	0,	-5,	-6,	
943,	0,	1,	7,	-4,	
944,	0,	0,	2,	7,	
945,	0,	0,	-8,	0,	
946,	0,	0,	2,	-7,	
947,	0,	0,	6,	4,	
948,	0,	0,	-5,	6,	
949,	0,	0,	-4,	-6,	
950,	0,	0,	7,	-2,	
951,	0,	0,	1,	8,	
952,	0,	0,	-7,	-2,	
953,	0,	0,	3,	-7,	
954,	0,	0,	5,	5,	
955,	0,	0,	-6,	4,	
956,	0,	0,	-3,	-7,	
957,	-1,	0,	7,	-1,	
958,	0,	0,	-1,	8,	
959,	0,	0,	-7,	-3,	
960,	0,	0,	5,	-6,	
961,	0,	0,	4,	6,	
962,	0,	0,	-7,	3,	
963,	0,	0,	-1,	-7,	
964,	0,	0,	8,	1,	
965,	0,	0,	-3,	7,	
966,	0,	0,	-6,	-4,	
967,	0,	0,	6,	-5,	
968,	0,	0,	3,	7,	
969,	0,	-1,	-7,	2,	
970,	0,	0,	1,	-8,	
971,	0,	1,	7,	2,	
972,	0,	0,	-4,	7,	
973,	0,	0,	-5,	-5,	
974,	0,	0,	6,	-4,	
975,	0,	0,	2,	7,	
976,	0,	0,	-7,	1,	
977,	0,	0,	2,	-7,	
978,	0,	0,	7,	4,	
979,	0,	0,	-5,	6,	
980,	0,	0,	-5,	-7,	
981,	-1,	0,	7,	-3,	
982,	0,	0,	1,	8,	
983,	0,	0,	-7,	-1,	
984,	0,	0,	3,	-7,	
985,	0,	1,	6,	5,	
986,	0,	0,	-6,	4,	
987,	0,	0,	-3,	-7,	
988,	0,	0,	7,	-1,	
989,	1,	0,	0,	7,	
990,	0,	0,	-8,	-2,	
991,	-1,	1,	4,	-6,	
992,	0,	0,	5,	6,	
993,	0,	0,	-7,	4,	
994,	0,	1,	-2,	-7,	
995,	0,	0,	8,	0,	
996,	0,	0,	-2,	7,	
997,	0,	0,	-6,	-4,	
998,	0,	-1,	6,	-5,	
999,	0,	0,	3,	7,	
1000,	0,	0,	-7,	2,	
1001,	0,	0,	0,	-7,	
1002,	0,	0,	8,	2,	
1003,	0,	0,	-4,	6,	
1004,	0,	0,	-5,	-5,	
1005,	0,	0,	7,	-4,	
1006,	0,	0,	2,	8,	
1007,	0,	0,	-7,	0,	
1008,	-1,	0,	2,	-8,	
1009,	0,	0,	7,	3,	
1010,	0,	0,	-5,	6,	
1011,	0,	0,	-5,	-6,	
1012,	1,	0,	7,	-3,	
1013,	0,	0,	1,	8,	
1014,	0,	0,	-7,	-1,	
1015,	0,	0,	3,	-7,	
1016,	0,	0,	6,	4,	
1017,	0,	0,	-6,	5,	
1018,	0,	0,	-3,	-6,	
1019,	0,	0,	8,	-2,	
1020,	0,	0,	-1,	8,	
1021,	0,	0,	-7,	-2,	
1022,	0,	0,	4,	-7,	
1023,	0,	0,	5,	5,	
1024,	0,	0,	-7,	4,	
1025,	0,	0,	-2,	-7,	
1026,	0,	0,	7,	0,	
1027,	0,	0,	-2,	8,	
1028,	0,	1,	-6,	-3,	
1029,	0,	0,	5,	-6,	
1030,	0,	0,	5,	6,	
1031,	-1,	0,	-7,	3,	
1032,	0,	0,	-1,	-7,	
1033,	0,	0,	7,	2,	
1034,	0,	0,	-3,	7,	
1035,	0,	0,	-6,	-5,	
1036,	0,	0,	6,	-4,	
1037,	0,	0,	3,	7,	
1038,	0,	1,	-8,	1,	
1039,	0,	0,	1,	-8,	
1040,	0,	0,	7,	2,	
1041,	0,	0,	-4,	6,	
1042,	0,	0,	-5,	-6,	
1043,	0,	0,	7,	-3,	
1044,	1,	0,	1,	8,	
1045,	0,	0,	-7,	0,	
1046,	0,	0,	2,	-7,	
1047,	0,	0,	6,	4,	
1048,	0,	0,	-6,	5,	
1049,	0,	0,	-4,	-6,	
1050,	0,	-1,	7,	-2,	
1051,	0,	0,	0,	8,	
1052,	0,	0,	-7,	-1,	
1053,	0,	0,	3,	-7,	
1054,	0,	0,	5,	5,	
1055,	0,	0,	-6,	4,	
1056,	0,	0,	-3,	-7,	
1057,	0,	0,	7,	0,	
1058,	1,	0,	-1,	8,	
1059,	0,	0,	-7,	-3,	
1060,	-1,	0,	5,	-6,	
1061,	0,	0,	4,	6,	
1062,	0,	0,	-7,	3,	
1063,	0,	-1,	-1,	-8,	
1064,	0,	0,	8,	0,	
1065,	0,	0,	-3,	8,	
1066,	0,	0,	-6,	-5,	
1067,	0,	0,	6,	-5,	
1068,	0,	0,	3,	7,	
1069,	0,	0,	-8,	2,	
1070,	0,	0,	1,	-7,	
1071,	0,	1,	7,	2,	
1072,	0,	0,	-4,	7,	
1073,	-1,	0,	-6,	-5,	
1074,	0,	0,	7,	-4,	
1075,	0,	0,	2,	8,	
1076,	0,	0,	-7,	0,	
1077,	0,	0,	3,	-7,	
1078,	0,	0,	7,	3,	
1079,	1,	0,	-5,	6,	
1080,	0,	-1,	-4,	-6,	
1081,	0,	0,	7,	-3,	
1082,	0,	1,	1,	8,	
1083,	-1,	0,	-7,	-2,	
1084,	0,	1,	3,	-7,	
1085,	0,	0,	6,	5,	
1086,	0,	0,	-6,	4,	
1087,	0,	0,	-3,	-7,	
1088,	0,	0,	7,	-1,	
1089,	0,	0,	-1,	8,	
1090,	0,	1,	-7,	-3,	
1091,	0,	0,	4,	-6,	
1092,	0,	0,	5,	6,	
1093,	0,	0,	-7,	4,	
1094,	0,	0,	-2,	-8,	
1095,	0,	1,	8,	0,	
1096,	1,	0,	-2,	7,	
1097,	0,	-1,	-6,	-4,	
1098,	0,	0,	5,	-5,	
1099,	0,	0,	3,	6,	
1100,	0,	0,	-7,	2,	
1101,	0,	0,	0,	-8,	
1102,	0,	0,	7,	2,	
1103,	0,	0,	-3,	7,	
1104,	0,	0,	-6,	-5,	
1105,	0,	0,	6,	-4,	
1106,	0,	0,	2,	7,	
1107,	1,	0,	-8,	0,	
1108,	0,	0,	2,	-7,	
1109,	0,	0,	7,	3,	
1110,	0,	0,	-5,	6,	
1111,	0,	1,	-5,	-6,	
1112,	0,	0,	7,	-3,	
1113,	0,	0,	2,	8,	
1114,	0,	0,	-7,	0,	
1115,	0,	0,	3,	-7,	
1116,	0,	0,	6,	4,	
1117,	0,	0,	-6,	5,	
1118,	0,	0,	-3,	-7,	
1119,	0,	0,	8,	-1,	
1120,	0,	0,	0,	7,	
1121,	0,	-1,	-7,	-2,	
1122,	0,	0,	4,	-6,	
1123,	0,	0,	5,	6,	
1124,	0,	0,	-7,	4,	
1125,	1,	0,	-2,	-7,	
1126,	0,	0,	7,	0,	
1127,	0,	-1,	-2,	8,	
1128,	0,	0,	-7,	-3,	
1129,	0,	0,	4,	-6,	
1130,	0,	0,	4,	7,	
1131,	0,	0,	-7,	2,	
1132,	0,	0,	-1,	-8,	
1133,	0,	0,	8,	1,	
1134,	0,	0,	-3,	7,	
1135,	0,	0,	-6,	-4,	
1136,	0,	0,	6,	-4,	
1137,	0,	0,	3,	7,	
1138,	0,	0,	-7,	2,	
1139,	0,	0,	1,	-8,	
1140,	1,	0,	7,	2,	
1141,	0,	0,	-4,	6,	
1142,	0,	0,	-5,	-6,	
1143,	0,	0,	7,	-3,	
1144,	0,	0,	1,	8,	
1145,	0,	0,	-7,	0,	
1146,	0,	0,	3,	-7,	
1147,	0,	0,	7,	4,	
1148,	0,	0,	-5,	5,	
1149,	0,	0,	-4,	-6,	
1150,	0,	0,	7,	-2,	
1151,	-1,	0,	0,	7,	
1152,	0,	0,	-7,	-2,	
1153,	0,	0,	4,	-7,	
1154,	0,	0,	5,	5,	
1155,	0,	-1,	-6,	4,	
1156,	0,	0,	-2,	-7,	
1157,	0,	0,	7,	0,	
1158,	0,	0,	-1,	7,	
1159,	0,	0,	-7,	-4,	
1160,	0,	0,	4,	-6,	
1161,	0,	0,	5,	6,	
1162,	0,	0,	-7,	3,	
1163,	0,	0,	-1,	-7,	
1164,	0,	0,	8,	1,	
1165,	0,	0,	-3,	8,	
1166,	0,	-1,	-6,	-4,	
1167,	0,	0,	6,	-5,	
1168,	0,	0,	3,	7,	
1169,	0,	0,	-8,	2,	
1170,	0,	0,	1,	-8,	
1171,	0,	0,	8,	2,	
1172,	0,	0,	-3,	7,	
1173,	0,	0,	-5,	-5,	
1174,	0,	0,	6,	-4,	
1175,	0,	0,	1,	7,	
1176,	0,	0,	-8,	0,	
1177,	0,	-1,	2,	-7,	
1178,	0,	0,	7,	4,	
1179,	0,	0,	-5,	6,	
1180,	0,	0,	-4,	-6,	
1181,	0,	0,	8,	-3,	
1182,	0,	0,	1,	8,	
1183,	-1,	0,	-7,	-1,	
1184,	0,	0,	4,	-7,	
1185,	1,	0,	7,	5,	
1186,	1,	0,	-6,	5,	
1187,	0,	1,	-3,	-7,	
1188,	0,	0,	7,	-1,	
1189,	0,	0,	-1,	7,	
1190,	-1,	0,	-7,	-3,	
1191,	0,	0,	4,	-6,	
1192,	0,	0,	5,	6,	
1193,	0,	0,	-7,	4,	
1194,	0,	0,	-1,	-7,	
1195,	0,	0,	8,	0,	
1196,	0,	0,	-2,	7,	
1197,	0,	-1,	-6,	-4,	
1198,	0,	0,	6,	-5,	
1199,	0,	1,	4,	7,	
1200,	0,	0,	-7,	2,	
1201,	0,	-1,	0,	-8,	
1202,	0,	0,	8,	2,	
1203,	0,	0,	-4,	6,	
1204,	0,	0,	-6,	-5,	
1205,	0,	0,	6,	-4,	
1206,	0,	0,	2,	8,	
1207,	-1,	0,	-8,	1,	
1208,	0,	1,	2,	-7,	
1209,	0,	0,	7,	3,	
1210,	-1,	0,	-5,	7,	
1211,	0,	0,	-5,	-6,	
1212,	0,	-1,	7,	-3,	
1213,	0,	0,	1,	8,	
1214,	-1,	1,	-7,	-1,	
1215,	0,	0,	3,	-7,	
1216,	1,	0,	6,	5,	
1217,	0,	0,	-6,	5,	
1218,	0,	0,	-3,	-7,	
1219,	0,	0,	8,	-1,	
1220,	0,	0,	0,	9,	
1221,	-1,	0,	-7,	-2,	
1222,	0,	0,	4,	-6,	
1223,	0,	0,	5,	6,	
1224,	0,	-1,	-6,	4,	
1225,	0,	0,	-2,	-7,	
1226,	0,	0,	8,	0,	
1227,	0,	1,	-2,	7,	
1228,	0,	0,	-6,	-4,	
1229,	0,	0,	5,	-6,	
1230,	0,	0,	4,	6,	
1231,	0,	0,	-7,	2,	
1232,	0,	0,	0,	-7,	
1233,	0,	0,	8,	1,	
1234,	0,	-1,	-3,	7,	
1235,	0,	0,	-6,	-5,	
1236,	0,	0,	6,	-5,	
1237,	0,	0,	3,	7,	
1238,	0,	-1,	-7,	1,	
1239,	0,	0,	1,	-7,	
1240,	0,	0,	7,	3,	
1241,	0,	-1,	-4,	6,	
1242,	0,	0,	-4,	-6,	
1243,	0,	1,	7,	-4,	
1244,	0,	0,	1,	7,	
1245,	-1,	0,	-7,	0,	
1246,	0,	0,	2,	-7,	
1247,	0,	0,	6,	4,	
1248,	0,	0,	-5,	5,	
1249,	0,	0,	-3,	-6,	
1250,	0,	0,	8,	-2,	
1251,	-1,	0,	0,	8,	
1252,	0,	0,	-7,	-1,	
1253,	0,	0,	3,	-7,	
1254,	0,	-1,	5,	5,	
1255,	0,	0,	-7,	4,	
1256,	0,	0,	-2,	-7,	
1257,	0,	0,	8,	-1,	
1258,	0,	0,	-1,	8,	
1259,	0,	0,	-7,	-3,	
1260,	0,	0,	5,	-6,	
1261,	0,	0,	5,	6,	
1262,	0,	0,	-7,	3,	
1263,	0,	1,	-1,	-7,	
1264,	0,	0,	8,	1,	
1265,	0,	0,	-3,	8,	
1266,	0,	0,	-6,	-4,	
1267,	0,	0,	6,	-5,	
1268,	0,	0,	3,	7,	
1269,	0,	0,	-7,	2,	
1270,	0,	0,	1,	-7,	
1271,	0,	0,	8,	3,	
1272,	0,	0,	-3,	7,	
1273,	0,	0,	-5,	-6,	
1274,	0,	0,	6,	-4,	
1275,	0,	1,	2,	8,	
1276,	0,	0,	-7,	0,	
1277,	0,	0,	2,	-8,	
1278,	0,	0,	7,	3,	
1279,	0,	0,	-6,	6,	
1280,	0,	0,	-4,	-6,	
1281,	-1,	0,	7,	-3,	
1282,	0,	0,	1,	8,	
1283,	0,	0,	-7,	-1,	
1284,	0,	-1,	3,	-7,	
1285,	0,	0,	6,	5,	
1286,	0,	0,	-7,	5,	
1287,	0,	0,	-3,	-7,	
1288,	0,	0,	8,	-1,	
1289,	-1,	0,	-1,	7,	
1290,	0,	0,	-7,	-2,	
1291,	0,	0,	5,	-6,	
1292,	0,	0,	5,	7,	
1293,	0,	0,	-6,	4,	
1294,	0,	0,	-1,	-8,	
1295,	0,	0,	8,	0,	
1296,	0,	0,	-2,	7,	
1297,	0,	-1,	-6,	-4,	
1298,	0,	0,	6,	-5,	
1299,	-1,	0,	3,	6,	
1300,	0,	0,	-7,	2,	
1301,	0,	1,	0,	-7,	
1302,	0,	0,	8,	2,	
1303,	1,	0,	-4,	7,	
1304,	0,	0,	-6,	-5,	
1305,	0,	0,	6,	-4,	
1306,	0,	0,	3,	7,	
1307,	0,	0,	-8,	1,	
1308,	0,	0,	1,	-7,	
1309,	0,	0,	7,	3,	
1310,	0,	0,	-5,	6,	
1311,	0,	0,	-5,	-6,	
1312,	0,	-1,	7,	-3,	
1313,	0,	0,	1,	7,	
1314,	0,	1,	-7,	-1,	
1315,	0,	0,	3,	-7,	
1316,	0,	0,	6,	5,	
1317,	0,	0,	-6,	5,	
1318,	0,	-1,	-3,	-6,	
1319,	0,	0,	7,	-2,	
1320,	0,	0,	-1,	8,	
1321,	0,	0,	-7,	-2,	
1322,	0,	0,	4,	-6,	
1323,	0,	0,	5,	6,	
1324,	0,	0,	-7,	4,	
1325,	0,	0,	-2,	-8,	
1326,	0,	0,	8,	-1,	
1327,	0,	0,	-2,	8,	
1328,	0,	0,	-7,	-3,	
1329,	0,	0,	5,	-6,	
1330,	0,	0,	4,	6,	
1331,	0,	0,	-8,	2,	
1332,	0,	0,	-1,	-8,	
1333,	0,	0,	8,	1,	
1334,	0,	0,	-3,	7,	
1335,	0,	0,	-6,	-5,	
1336,	0,	0,	6,	-4,	
1337,	0,	0,	3,	7,	
1338,	0,	0,	-7,	1,	
1339,	0,	0,	1,	-7,	
1340,	0,	0,	7,	3,	
1341,	0,	0,	-4,	7,	
1342,	0,	0,	-5,	-6,	
1343,	0,	0,	7,	-3,	
1344,	0,	0,	2,	7,	
1345,	0,	0,	-7,	0,	
1346,	0,	0,	2,	-7,	
1347,	0,	0,	6,	4,	
1348,	0,	0,	-5,	5,	
1349,	0,	0,	-4,	-7,	
1350,	0,	0,	7,	-2,	
1351,	0,	0,	0,	7,	
1352,	-1,	0,	-8,	-2,	
1353,	0,	0,	4,	-6,	
1354,	1,	-1,	6,	6,	
1355,	0,	0,	-6,	4,	
1356,	0,	0,	-3,	-7,	
1357,	1,	0,	8,	0,	
1358,	0,	0,	-2,	8,	
1359,	0,	0,	-6,	-3,	
1360,	0,	0,	5,	-6,	
1361,	0,	0,	4,	7,	
1362,	1,	0,	-7,	3,	
1363,	0,	1,	-1,	-7,	
1364,	0,	0,	8,	1,	
1365,	0,	0,	-3,	7,	
1366,	0,	0,	-6,	-4,	
1367,	0,	0,	6,	-5,	
1368,	0,	0,	3,	7,	
1369,	0,	0,	-7,	2,	
1370,	0,	0,	1,	-7,	
1371,	0,	0,	7,	3,	
1372,	-1,	0,	-4,	6,	
1373,	0,	1,	-5,	-5,	
1374,	0,	0,	7,	-4,	
1375,	0,	-1,	2,	8,	
1376,	-1,	0,	-7,	0,	
1377,	0,	0,	2,	-7,	
1378,	1,	0,	7,	4,	
1379,	0,	0,	-5,	6,	
1380,	0,	0,	-4,	-6,	
1381,	0,	0,	7,	-2,	
1382,	0,	0,	1,	8,	
1383,	0,	0,	-8,	-1,	
1384,	0,	0,	3,	-7,	
1385,	0,	0,	6,	5,	
1386,	0,	0,	-6,	4,	
1387,	0,	0,	-3,	-7,	
1388,	0,	0,	7,	-1,	
1389,	0,	0,	-1,	7,	
1390,	0,	0,	-7,	-3,	
1391,	1,	0,	5,	-6,	
1392,	0,	0,	5,	6,	
1393,	0,	0,	-7,	3,	
1394,	0,	0,	-2,	-8,	
1395,	0,	0,	7,	0,	
1396,	0,	0,	-2,	7,	
1397,	0,	0,	-7,	-4,	
1398,	0,	0,	5,	-5,	
1399,	0,	1,	4,	7,	
1400,	-1,	0,	-8,	2,	
1401,	0,	0,	0,	-8,	
1402,	0,	0,	8,	2,	
1403,	-1,	0,	-3,	7,	
1404,	0,	0,	-5,	-5,	
1405,	0,	0,	6,	-4,	
1406,	0,	0,	2,	7,	
1407,	0,	0,	-7,	1,	
1408,	0,	0,	2,	-7,	
1409,	0,	0,	7,	3,	
1410,	-1,	0,	-5,	6,	
1411,	0,	-1,	-5,	-6,	
1412,	0,	0,	7,	-3,	
1413,	-1,	1,	1,	8,	
1414,	0,	0,	-7,	0,	
1415,	0,	0,	3,	-7,	
1416,	0,	-1,	6,	4,	
1417,	0,	0,	-6,	5,	
1418,	0,	0,	-3,	-7,	
1419,	0,	0,	8,	-2,	
1420,	0,	0,	0,	8,	
1421,	0,	0,	-7,	-3,	
1422,	0,	0,	4,	-7,	
1423,	0,	0,	6,	6,	
1424,	0,	0,	-6,	4,	
1425,	0,	0,	-2,	-7,	
1426,	0,	0,	8,	0,	
1427,	0,	0,	-2,	8,	
1428,	0,	0,	-7,	-3,	
1429,	0,	0,	5,	-6,	
1430,	0,	0,	4,	6,	
1431,	0,	0,	-7,	2,	
1432,	0,	0,	0,	-8,	
1433,	0,	0,	8,	2,	
1434,	0,	0,	-4,	7,	
1435,	0,	0,	-6,	-5,	
1436,	0,	0,	6,	-4,	
1437,	0,	0,	3,	7,	
1438,	-1,	-1,	-8,	2,	
1439,	0,	0,	1,	-7,	
1440,	0,	0,	7,	3,	
1441,	0,	0,	-4,	7,	
1442,	1,	0,	-5,	-6,	
1443,	0,	0,	7,	-3,	
1444,	-1,	0,	1,	7,	
1445,	0,	0,	-7,	0,	
1446,	0,	0,	3,	-7,	
1447,	0,	0,	7,	4,	
1448,	0,	0,	-6,	5,	
1449,	0,	0,	-4,	-7,	
1450,	0,	0,	7,	-2,	
1451,	0,	0,	0,	8,	
1452,	0,	0,	-7,	-2,	
1453,	0,	0,	3,	-7,	
1454,	0,	0,	6,	5,	
1455,	0,	0,	-7,	4,	
1456,	0,	0,	-2,	-8,	
1457,	0,	0,	8,	0,	
1458,	0,	0,	-1,	8,	
1459,	0,	0,	-7,	-3,	
1460,	0,	0,	5,	-6,	
1461,	0,	0,	5,	6,	
1462,	0,	0,	-7,	3,	
1463,	0,	0,	-1,	-8,	
1464,	0,	0,	8,	1,	
1465,	0,	0,	-2,	7,	
1466,	0,	-1,	-6,	-5,	
1467,	0,	0,	6,	-6,	
1468,	0,	0,	3,	7,	
1469,	0,	0,	-7,	2,	
1470,	0,	0,	1,	-7,	
1471,	-1,	0,	7,	2,	
1472,	0,	0,	-4,	6,	
1473,	0,	0,	-5,	-5,	
1474,	0,	0,	7,	-4,	
1475,	0,	0,	2,	7,	
1476,	0,	0,	-8,	0,	
1477,	0,	0,	2,	-7,	
1478,	0,	0,	7,	4,	
1479,	0,	0,	-5,	6,	
1480,	0,	0,	-4,	-6,	
1481,	0,	0,	7,	-2,	
1482,	0,	0,	1,	7,	
1483,	-1,	1,	-8,	-1,	
1484,	0,	0,	3,	-6,	
1485,	0,	0,	6,	5,	
1486,	0,	1,	-6,	5,	
1487,	0,	0,	-2,	-7,	
1488,	0,	0,	8,	-1,	
1489,	0,	-1,	0,	8,	
1490,	0,	0,	-7,	-3,	
1491,	0,	0,	4,	-6,	
1492,	0,	0,	5,	6,	
1493,	0,	0,	-7,	3,	
1494,	0,	0,	-1,	-8,	
1495,	0,	1,	8,	0,	
1496,	0,	0,	-2,	8,	
1497,	0,	0,	-6,	-4,	
1498,	0,	0,	6,	-5,	
1499,	-1,	0,	4,	6,	
1500,	0,	0,	-7,	2,	
1501,	0,	0,	0,	-7,	
1502,	0,	-1,	7,	2,	
1503,	0,	0,	-4,	6,	
1504,	0,	0,	-5,	-5,	
1505,	0,	0,	7,	-4,	
1506,	0,	0,	2,	7,	
1507,	0,	0,	-8,	1,	
1508,	0,	1,	1,	-7,	
1509,	0,	1,	7,	4,	
1510,	0,	0,	-5,	7,	
1511,	0,	0,	-4,	-6,	
1512,	0,	0,	7,	-3,	
1513,	0,	0,	1,	8,	
1514,	1,	1,	-7,	-1,	
1515,	0,	0,	3,	-7,	
1516,	0,	0,	6,	5,	
1517,	0,	0,	-6,	5,	
1518,	0,	0,	-3,	-7,	
1519,	0,	0,	8,	-2,	
1520,	0,	0,	-1,	7,	
1521,	0,	-1,	-7,	-2,	
1522,	0,	0,	5,	-6,	
1523,	0,	0,	5,	6,	
1524,	0,	0,	-7,	4,	
1525,	0,	0,	-2,	-7,	
1526,	0,	0,	7,	1,	
1527,	0,	0,	-2,	8,	
1528,	1,	0,	-6,	-3,	
1529,	0,	0,	5,	-6,	
1530,	-1,	0,	4,	6,	
1531,	0,	0,	-7,	3,	
1532,	0,	0,	0,	-7,	
1533,	0,	0,	8,	1,	
1534,	0,	0,	-3,	8,	
1535,	0,	0,	-6,	-5,	
1536,	0,	0,	7,	-5,	
1537,	0,	0,	3,	7,	
1538,	0,	1,	-7,	2,	
1539,	0,	0,	1,	-7,	
1540,	0,	0,	8,	2,	
1541,	0,	0,	-5,	6,	
1542,	0,	0,	-5,	-6,	
1543,	0,	0,	7,	-3,	
1544,	0,	0,	1,	8,	
1545,	0,	0,	-7,	0,	
1546,	0,	0,	3,	-7,	
1547,	0,	0,	7,	3,	
1548,	0,	0,	-5,	5,	
1549,	0,	0,	-4,	-7,	
1550,	0,	0,	7,	-2,	
1551,	0,	0,	0,	8,	
1552,	0,	1,	-8,	-2,	
1553,	0,	0,	4,	-6,	
1554,	0,	0,	6,	5,	
1555,	0,	1,	-7,	4,	
1556,	0,	0,	-2,	-8,	
1557,	0,	0,	8,	-1,	
1558,	0,	0,	-2,	8,	
1559,	0,	0,	-7,	-3,	
1560,	0,	0,	5,	-6,	
1561,	0,	0,	4,	6,	
1562,	0,	0,	-7,	2,	
1563,	0,	0,	-1,	-8,	
1564,	-1,	0,	8,	1,	
1565,	0,	0,	-3,	8,	
1566,	0,	0,	-6,	-4,	
1567,	-1,	0,	5,	-5,	
1568,	0,	0,	4,	7,	
1569,	0,	0,	-7,	2,	
1570,	0,	0,	0,	-7,	
1571,	0,	0,	8,	2,	
1572,	0,	0,	-4,	7,	
1573,	0,	0,	-5,	-5,	
1574,	-1,	0,	6,	-4,	
1575,	0,	0,	2,	7,	
1576,	0,	0,	-8,	0,	
1577,	0,	0,	2,	-7,	
1578,	0,	0,	7,	4,	
1579,	0,	0,	-5,	6,	
1580,	0,	0,	-4,	-7,	
1581,	1,	0,	7,	-3,	
1582,	0,	0,	1,	8,	
1583,	0,	0,	-7,	-1,	
1584,	0,	0,	3,	-7,	
1585,	0,	0,	6,	5,	
1586,	0,	-1,	-6,	4,	
1587,	0,	0,	-3,	-7,	
1588,	0,	0,	8,	-2,	
1589,	0,	0,	-1,	7,	
1590,	0,	0,	-7,	-2,	
1591,	0,	0,	4,	-6,	
1592,	0,	0,	5,	6,	
1593,	0,	0,	-7,	4,	
1594,	0,	0,	-1,	-7,	
1595,	0,	0,	8,	0,	
1596,	-1,	0,	-2,	7,	
1597,	0,	0,	-7,	-4,	
1598,	0,	0,	6,	-5,	
1599,	0,	0,	4,	7,	
1600,	0,	0,	-7,	2,	
1601,	0,	0,	0,	-8,	
1602,	0,	0,	7,	2,	
1603,	0,	-1,	-3,	7,	
1604,	0,	0,	-6,	-5,	
1605,	0,	0,	7,	-4,	
1606,	1,	0,	2,	7,	
1607,	0,	0,	-7,	1,	
1608,	-1,	0,	2,	-7,	
1609,	0,	-1,	7,	3,	
1610,	0,	0,	-5,	6,	
1611,	0,	0,	-4,	-6,	
1612,	0,	0,	7,	-2,	
1613,	0,	1,	1,	8,	
1614,	0,	0,	-8,	-1,	
1615,	0,	-1,	3,	-7,	
1616,	1,	0,	7,	5,	
1617,	0,	0,	-6,	5,	
1618,	0,	0,	-3,	-7,	
1619,	0,	-1,	8,	-2,	
1620,	0,	0,	0,	8,	
1621,	0,	1,	-7,	-2,	
1622,	0,	0,	4,	-7,	
1623,	0,	0,	5,	6,	
1624,	0,	0,	-6,	4,	
1625,	-1,	0,	-1,	-7,	
1626,	0,	0,	7,	0,	
1627,	0,	0,	-2,	8,	
1628,	0,	0,	-7,	-3,	
1629,	0,	0,	5,	-6,	
1630,	0,	0,	5,	6,	
1631,	0,	0,	-7,	3,	
1632,	0,	0,	0,	-7,	
1633,	-1,	0,	7,	2,	
1634,	0,	0,	-3,	8,	
1635,	0,	-1,	-6,	-5,	
1636,	0,	0,	6,	-5,	
1637,	0,	0,	3,	7,	
1638,	0,	0,	-7,	1,	
1639,	0,	-1,	1,	-8,	
1640,	-1,	0,	7,	2,	
1641,	0,	0,	-4,	6,	
1642,	0,	0,	-5,	-6,	
1643,	0,	0,	7,	-3,	
1644,	0,	0,	2,	8,	
1645,	0,	0,	-7,	0,	
1646,	0,	0,	2,	-7,	
1647,	0,	0,	6,	4,	
1648,	0,	0,	-6,	5,	
1649,	0,	0,	-4,	-6,	
1650,	0,	1,	8,	-2,	
1651,	0,	0,	0,	7,	
1652,	0,	0,	-8,	-2,	
1653,	0,	0,	4,	-7,	
1654,	0,	0,	6,	5,	
1655,	0,	0,	-6,	4,	
1656,	0,	0,	-2,	-8,	
1657,	-1,	0,	7,	0,	
1658,	0,	-1,	-2,	8,	
1659,	0,	0,	-6,	-3,	
1660,	0,	1,	5,	-6,	
1661,	0,	0,	4,	6,	
1662,	0,	0,	-7,	3,	
1663,	0,	0,	-1,	-7,	
1664,	0,	-1,	8,	0,	
1665,	0,	0,	-3,	7,	
1666,	0,	0,	-6,	-4,	
1667,	0,	1,	6,	-5,	
1668,	1,	0,	3,	7,	
1669,	0,	0,	-7,	2,	
1670,	0,	0,	1,	-7,	
1671,	0,	0,	7,	2,	
1672,	0,	1,	-4,	7,	
1673,	1,	0,	-5,	-6,	
1674,	0,	-1,	6,	-4,	
1675,	0,	0,	2,	8,	
1676,	0,	0,	-7,	0,	
1677,	0,	0,	2,	-7,	
1678,	0,	0,	7,	4,	
1679,	0,	0,	-5,	6,	
1680,	0,	0,	-4,	-7,	
1681,	0,	0,	7,	-3,	
1682,	0,	0,	1,	8,	
1683,	0,	-1,	-7,	-1,	
1684,	0,	0,	3,	-7,	
1685,	0,	0,	6,	5,	
1686,	0,	0,	-6,	5,	
1687,	0,	0,	-2,	-7,	
1688,	0,	0,	8,	0,	
1689,	0,	0,	-1,	7,	
1690,	0,	0,	-7,	-3,	
1691,	0,	0,	4,	-6,	
1692,	0,	-1,	5,	6,	
1693,	0,	0,	-7,	4,	
1694,	0,	1,	-2,	-8,	
1695,	0,	0,	8,	0,	
1696,	0,	0,	-2,	7,	
1697,	0,	0,	-6,	-4,	
1698,	0,	0,	5,	-5,	
1699,	0,	0,	4,	7,	
1700,	0,	0,	-7,	2,	
1701,	0,	0,	0,	-8,	
1702,	0,	0,	7,	2,	
1703,	0,	0,	-3,	7,	
1704,	0,	0,	-6,	-5,	
1705,	0,	0,	6,	-4,	
1706,	0,	-1,	2,	8,	
1707,	0,	0,	-7,	1,	
1708,	0,	0,	2,	-8,	
1709,	0,	0,	7,	3,	
1710,	0,	0,	-4,	6,	
1711,	0,	0,	-4,	-6,	
1712,	0,	0,	7,	-3,	
1713,	0,	0,	1,	8,	
1714,	0,	0,	-7,	-1,	
1715,	0,	0,	3,	-7,	
1716,	0,	0,	6,	5,	
1717,	0,	0,	-6,	5,	
1718,	1,	0,	-3,	-7,	
1719,	0,	1,	7,	-1,	
1720,	0,	0,	-1,	8,	
1721,	0,	0,	-7,	-2,	
1722,	0,	0,	4,	-6,	
1723,	0,	0,	5,	5,	
1724,	0,	0,	-6,	3,	
1725,	0,	0,	-2,	-7,	
1726,	0,	-1,	7,	0,	
1727,	0,	0,	-2,	7,	
1728,	0,	0,	-7,	-4,	
1729,	0,	0,	5,	-6,	
1730,	0,	0,	4,	6,	
1731,	0,	0,	-7,	2,	
1732,	0,	0,	0,	-7,	
1733,	0,	0,	8,	2,	
1734,	0,	0,	-3,	7,	
1735,	0,	0,	-6,	-5,	
1736,	0,	0,	7,	-5,	
1737,	0,	1,	3,	7,	
1738,	0,	0,	-7,	1,	
1739,	0,	0,	1,	-8,	
1740,	0,	1,	7,	2,	
1741,	0,	0,	-4,	6,	
1742,	-1,	0,	-5,	-6,	
1743,	0,	-1,	7,	-3,	
1744,	0,	0,	2,	8,	
1745,	0,	0,	-7,	0,	
1746,	0,	-1,	3,	-8,	
1747,	-1,	0,	6,	4,	
1748,	0,	1,	-5,	6,	
1749,	0,	0,	-4,	-6,	
1750,	0,	0,	7,	-2,	
1751,	0,	0,	0,	7,	
1752,	0,	0,	-8,	-2,	
1753,	0,	0,	4,	-7,	
1754,	0,	0,	6,	5,	
1755,	0,	0,	-6,	5,	
1756,	0,	0,	-2,	-7,	
1757,	0,	0,	8,	-1,	
1758,	0,	-1,	-2,	8,	
1759,	0,	0,	-7,	-3,	
1760,	0,	0,	5,	-6,	
1761,	0,	0,	5,	6,	
1762,	0,	0,	-7,	3,	
1763,	0,	0,	-1,	-7,	
1764,	0,	0,	8,	0,	
1765,	0,	0,	-3,	7,	
1766,	0,	0,	-6,	-4,	
1767,	0,	0,	6,	-5,	
1768,	0,	0,	3,	7,	
1769,	0,	0,	-8,	1,	
1770,	-1,	0,	1,	-8,	
1771,	0,	0,	7,	3,	
1772,	0,	0,	-4,	7,	
1773,	0,	0,	-5,	-5,	
1774,	0,	0,	7,	-4,	
1775,	0,	-1,	2,	7,	
1776,	0,	0,	-7,	0,	
1777,	0,	1,	2,	-7,	
1778,	0,	0,	7,	3,	
1779,	0,	0,	-5,	6,	
1780,	0,	0,	-4,	-6,	
1781,	0,	0,	7,	-2,	
1782,	0,	0,	1,	8,	
1783,	-1,	0,	-7,	-1,	
1784,	0,	0,	3,	-7,	
1785,	1,	0,	7,	5,	
1786,	0,	0,	-6,	5,	
1787,	-1,	0,	-3,	-7,	
1788,	1,	0,	7,	-1,	
1789,	0,	0,	-1,	8,	
1790,	0,	0,	-7,	-3,	
1791,	1,	0,	5,	-6,	
1792,	0,	0,	5,	6,	
1793,	0,	0,	-7,	3,	
1794,	0,	0,	-1,	-8,	
1795,	-1,	0,	8,	0,	
1796,	0,	0,	-2,	8,	
1797,	0,	0,	-6,	-3,	
1798,	0,	0,	5,	-5,	
1799,	0,	0,	3,	7,	
1800,	1,	0,	-8,	2,	
1801,	0,	0,	0,	-7,	
1802,	0,	0,	7,	2,	
1803,	0,	0,	-4,	6,	
1804,	-1,	0,	-5,	-5,	
1805,	0,	0,	7,	-4,	
1806,	0,	-1,	2,	7,	
1807,	0,	0,	-7,	0,	
1808,	0,	0,	2,	-7,	
1809,	0,	0,	7,	3,	
1810,	0,	0,	-5,	6,	
1811,	-1,	0,	-4,	-6,	
1812,	0,	0,	7,	-3,	
1813,	0,	0,	1,	8,	
1814,	-1,	0,	-7,	-1,	
1815,	0,	0,	3,	-7,	
1816,	0,	0,	6,	4,	
1817,	-1,	0,	-6,	5,	
1818,	0,	0,	-3,	-7,	
1819,	1,	0,	8,	-2,	
1820,	0,	0,	0,	8,	
1821,	0,	0,	-7,	-2,	
1822,	0,	0,	4,	-7,	
1823,	0,	0,	5,	6,	
1824,	0,	0,	-6,	4,	
1825,	0,	0,	-1,	-7,	
1826,	0,	0,	7,	0,	
1827,	0,	0,	-2,	8,	
1828,	0,	1,	-6,	-3,	
1829,	0,	0,	6,	-5,	
1830,	0,	-1,	4,	7,	
1831,	0,	0,	-7,	3,	
1832,	0,	0,	0,	-7,	
1833,	0,	0,	8,	1,	
1834,	0,	0,	-3,	7,	
1835,	0,	0,	-6,	-5,	
1836,	0,	0,	6,	-5,	
1837,	0,	0,	3,	7,	
1838,	0,	0,	-7,	1,	
1839,	0,	-1,	1,	-8,	
1840,	0,	0,	8,	3,	
1841,	0,	1,	-5,	6,	
1842,	0,	0,	-5,	-6,	
1843,	0,	0,	8,	-3,	
1844,	0,	1,	1,	7,	
1845,	0,	0,	-7,	0,	
1846,	0,	-1,	2,	-7,	
1847,	0,	0,	6,	4,	
1848,	0,	1,	-5,	5,	
1849,	0,	0,	-4,	-7,	
1850,	0,	0,	8,	-2,	
1851,	0,	-1,	0,	8,	
1852,	0,	0,	-7,	-2,	
1853,	0,	0,	3,	-7,	
1854,	0,	0,	6,	5,	
1855,	0,	-1,	-6,	4,	
1856,	-1,	0,	-2,	-7,	
1857,	0,	0,	8,	-1,	
1858,	0,	0,	-1,	8,	
1859,	0,	0,	-7,	-3,	
1860,	0,	0,	5,	-6,	
1861,	0,	0,	5,	6,	
1862,	0,	0,	-7,	3,	
1863,	0,	0,	0,	-8,	
1864,	0,	0,	8,	1,	
1865,	0,	0,	-3,	7,	
1866,	0,	0,	-6,	-4,	
1867,	0,	0,	6,	-5,	
1868,	0,	0,	3,	7,	
1869,	0,	0,	-8,	2,	
1870,	-1,	-1,	1,	-7,	
1871,	0,	0,	7,	3,	
1872,	0,	0,	-4,	6,	
1873,	0,	-1,	-5,	-6,	
1874,	0,	0,	7,	-4,	
1875,	0,	0,	2,	8,	
1876,	0,	0,	-7,	0,	
1877,	0,	0,	2,	-8,	
1878,	0,	0,	7,	4,	
1879,	0,	0,	-5,	6,	
1880,	0,	0,	-4,	-6,	
1881,	0,	0,	8,	-3,	
1882,	0,	0,	1,	8,	
1883,	0,	0,	-8,	-1,	
1884,	0,	0,	4,	-7,	
1885,	0,	0,	6,	5,	
1886,	0,	0,	-6,	5,	
1887,	1,	0,	-3,	-7,	
1888,	0,	0,	7,	-1,	
1889,	0,	0,	-1,	8,	
1890,	0,	0,	-7,	-3,	
1891,	0,	0,	4,	-7,	
1892,	0,	0,	6,	6,	
1893,	0,	0,	-7,	4,	
1894,	0,	0,	-1,	-8,	
1895,	0,	0,	8,	0,	
1896,	0,	-1,	-3,	7,	
1897,	0,	0,	-6,	-4,	
1898,	0,	0,	5,	-5,	
1899,	0,	0,	4,	7,	
1900,	0,	0,	-7,	2,	
1901,	0,	0,	0,	-8,	
1902,	0,	0,	8,	1,	
1903,	0,	0,	-3,	7,	
1904,	0,	0,	-5,	-5,	
1905,	0,	0,	6,	-4,	
1906,	0,	0,	2,	8,	
1907,	0,	0,	-7,	0,	
1908,	0,	0,	2,	-7,	
1909,	0,	0,	7,	4,	
1910,	0,	0,	-4,	6,	
1911,	0,	1,	-4,	-6,	
1912,	0,	0,	7,	-3,	
1913,	0,	0,	1,	8,	
1914,	0,	0,	-7,	0,	
1915,	-1,	0,	3,	-7,	
1916,	0,	0,	6,	4,	
1917,	0,	0,	-6,	5,	
1918,	0,	0,	-3,	-6,	
1919,	0,	0,	7,	-1,	
1920,	0,	0,	-1,	7,	
1921,	0,	0,	-7,	-3,	
1922,	0,	-1,	4,	-7,	
1923,	0,	0,	5,	6,	
1924,	0,	0,	-6,	4,	
1925,	0,	0,	-1,	-7,	
1926,	0,	0,	8,	0,	
1927,	0,	0,	-2,	8,	
1928,	0,	0,	-6,	-3,	
1929,	-1,	0,	6,	-5,	
1930,	0,	0,	4,	7,	
1931,	0,	0,	-7,	2,	
1932,	0,	0,	-1,	-8,	
1933,	0,	0,	8,	1,	
1934,	0,	0,	-3,	7,	
1935,	0,	1,	-6,	-5,	
1936,	0,	0,	6,	-4,	
1937,	0,	0,	3,	7,	
1938,	0,	0,	-7,	1,	
1939,	0,	0,	1,	-8,	
1940,	0,	0,	7,	2,	
1941,	0,	0,	-4,	7,	
1942,	0,	0,	-5,	-6,	
1943,	0,	0,	7,	-3,	
1944,	0,	1,	1,	8,	
1945,	0,	0,	-7,	0,	
1946,	0,	-1,	2,	-7,	
1947,	-1,	0,	7,	4,	
1948,	0,	0,	-5,	6,	
1949,	0,	0,	-4,	-6,	
1950,	-1,	0,	7,	-2,	
1951,	0,	0,	1,	7,	
1952,	0,	0,	-7,	-2,	
1953,	0,	0,	4,	-7,	
1954,	0,	0,	5,	5,	
1955,	0,	0,	-6,	4,	
1956,	0,	0,	-2,	-7,	
1957,	0,	0,	7,	0,	
1958,	0,	0,	-2,	8,	
1959,	0,	0,	-6,	-3,	
1960,	0,	0,	5,	-6,	
1961,	0,	0,	4,	7,	
1962,	-1,	0,	-7,	3,	
1963,	0,	0,	-1,	-7,	
1964,	0,	0,	8,	1,	
1965,	0,	0,	-2,	7,	
1966,	-1,	0,	-6,	-4,	
1967,	0,	0,	6,	-5,	
1968,	0,	0,	3,	6,	
1969,	1,	0,	-7,	2,	
1970,	0,	0,	0,	-7,	
1971,	0,	0,	7,	2,	
1972,	0,	0,	-4,	6,	
1973,	0,	0,	-5,	-6,	
1974,	0,	0,	7,	-4,	
1975,	0,	0,	2,	8,	
1976,	0,	0,	-7,	0,	
1977,	0,	0,	2,	-7,	
1978,	0,	0,	7,	4,	
1979,	0,	0,	-5,	6,	
1980,	-1,	0,	-4,	-7,	
1981,	0,	0,	7,	-2,	
1982,	0,	0,	1,	8,	
1983,	0,	0,	-7,	-1,	
1984,	0,	-1,	4,	-7,	
1985,	0,	0,	6,	5,	
1986,	0,	0,	-6,	5,	
1987,	0,	0,	-3,	-7,	
1988,	0,	0,	8,	-1,	
1989,	0,	0,	-1,	8,	
1990,	0,	0,	-7,	-3,	
1991,	0,	0,	5,	-6,	
1992,	0,	0,	4,	6,	
1993,	0,	0,	-7,	3,	
1994,	0,	1,	-1,	-7,	
1995,	0,	0,	8,	1,	
1996,	0,	0,	-3,	7,	
1997,	0,	0,	-6,	-4,	
1998,	0,	0,	5,	-5,	
1999,	0,	0,	4,	7,	
2000,	0,	0,	-7,	2,	
2001,	0,	0,	0,	-8,	
2002,	0,	0,	7,	2,	
2003,	0,	0,	-3,	7,	
2004,	0,	0,	-6,	-5,	
2005,	0,	0,	6,	-4,	
2006,	-1,	0,	2,	7,	
2007,	0,	0,	-8,	1,	
2008,	0,	0,	1,	-8,	
2009,	0,	0,	7,	3,	
2010,	0,	0,	-5,	6,	
2011,	0,	0,	-5,	-6,	
2012,	0,	0,	7,	-3,	
2013,	0,	0,	1,	8,	
2014,	0,	0,	-8,	-1,	
2015,	0,	0,	3,	-7,	
2016,	0,	0,	7,	4,	
2017,	0,	0,	-6,	5,	
2018,	0,	0,	-3,	-7,	
2019,	0,	0,	7,	-1,	
2020,	0,	0,	0,	8,	
2021,	0,	0,	-7,	-2,	
2022,	0,	0,	4,	-7,	
2023,	0,	1,	5,	6,	
2024,	0,	0,	-7,	4,	
2025,	0,	0,	-2,	-8,	
2026,	0,	0,	7,	0,	
2027,	0,	1,	-2,	8,	
2028,	0,	0,	-6,	-3,	
2029,	0,	-1,	5,	-6,	
2030,	0,	0,	4,	6,	
2031,	0,	0,	-7,	3,	
2032,	0,	0,	-1,	-8,	
2033,	0,	0,	7,	1,	
2034,	0,	0,	-3,	7,	
2035,	0,	0,	-6,	-5,	
2036,	0,	-1,	6,	-5,	
2037,	0,	0,	3,	7,	
2038,	0,	0,	-8,	1,	
2039,	0,	0,	1,	-7,	
2040,	0,	0,	7,	3,	
2041,	0,	0,	-4,	6,	
2042,	0,	0,	-4,	-6,	
2043,	0,	0,	7,	-3,	
2044,	0,	0,	1,	8,	
2045,	0,	0,	-8,	0,	
2046,	0,	0,	2,	-7,	
2047,	0,	1,	6,	4,	
