00000 0000054663 0 0 0 0 0
00001 0000059745 0 0 0 0 0
00002 0000003885 0 0 0 0 0
00003 0000064053 0 0 0 0 0
00004 0000063082 0 0 0 0 0
00005 0000061995 0 0 0 0 0
00006 0000003434 0 0 0 0 0
00007 0000064888 0 0 0 0 0
00008 0000004931 0 0 0 0 0
00009 0000004073 0 0 0 0 0
00010 0000007319 0 0 0 0 0
00011 0000000629 0 0 0 0 0
00012 0000061202 0 0 0 0 0
00013 0000060893 0 0 0 0 0
00014 0000000936 0 0 0 0 0
00015 0000059706 0 0 0 0 0
00016 0000000835 0 0 0 0 0
00017 0000000008 0 0 0 0 0
00018 0000001447 0 0 0 0 0
00019 0000061456 0 0 0 0 0
00020 0000060620 0 0 0 0 0
00021 0000056116 0 0 0 0 0
00022 0000005274 0 0 0 0 0
00023 0000060008 0 0 0 0 0
00024 0000002488 0 0 0 0 0
00025 0000055097 0 0 0 0 0
00026 0000056114 0 0 0 0 0
00027 0000000785 0 0 0 0 0
00028 0000058922 0 0 0 0 0
00029 0000000189 0 0 0 0 0
00030 0000002416 0 0 0 0 0
00031 0000010302 0 0 0 0 0
00032 0000004223 0 0 0 0 0
00033 0000056912 0 0 0 0 0
00034 0000065471 0 0 0 0 0
00035 0000002842 0 0 0 0 0
00036 0000063226 0 0 0 0 0
00037 0000063484 0 0 0 0 0
00038 0000002764 0 0 0 0 0
00039 0000061988 0 0 0 0 0
00040 0000002017 0 0 0 0 0
00041 0000013408 0 0 0 0 0
00042 0000008303 0 0 0 0 0
00043 0000053717 0 0 0 0 0
00044 0000054508 0 0 0 0 0
00045 0000060310 0 0 0 0 0
00046 0000061653 0 0 0 0 0
00047 0000062405 0 0 0 0 0
00048 0000054696 0 0 0 0 0
00049 0000007316 0 0 0 0 0
00050 0000000921 0 0 0 0 0
00051 0000002122 0 0 0 0 0
00052 0000063816 0 0 0 0 0
00053 0000049072 0 0 0 0 0
00054 0000001294 0 0 0 0 0
00055 0000014365 0 0 0 0 0
00056 0000004515 0 0 0 0 0
00057 0000064411 0 0 0 0 0
00058 0000005138 0 0 0 0 0
00059 0000006993 0 0 0 0 0
00060 0000061076 0 0 0 0 0
00061 0000064373 0 0 0 0 0
00062 0000064227 0 0 0 0 0
00063 0000003313 0 0 0 0 0
00064 0000004938 0 0 0 0 0
00065 0000003970 0 0 0 0 0
00066 0000002163 0 0 0 0 0
00067 0000000709 0 0 0 0 0
00068 0000004218 0 0 0 0 0
00069 0000001133 0 0 0 0 0
00070 0000064965 0 0 0 0 0
00071 0000063100 0 0 0 0 0
00072 0000063720 0 0 0 0 0
00073 0000054523 0 0 0 0 0
00074 0000055418 0 0 0 0 0
00075 0000002948 0 0 0 0 0
00076 0000064283 0 0 0 0 0
00077 0000060718 0 0 0 0 0
00078 0000010626 0 0 0 0 0
00079 0000058067 0 0 0 0 0
00080 0000007244 0 0 0 0 0
00081 0000059894 0 0 0 0 0
00082 0000003981 0 0 0 0 0
00083 0000006809 0 0 0 0 0
00084 0000001784 0 0 0 0 0
00085 0000007656 0 0 0 0 0
00086 0000058581 0 0 0 0 0
00087 0000058021 0 0 0 0 0
00088 0000006033 0 0 0 0 0
00089 0000064397 0 0 0 0 0
00090 0000060559 0 0 0 0 0
00091 0000063725 0 0 0 0 0
00092 0000065529 0 0 0 0 0
00093 0000002556 0 0 0 0 0
00094 0000001304 0 0 0 0 0
00095 0000006006 0 0 0 0 0
00096 0000000115 0 0 0 0 0
00097 0000056737 0 0 0 0 0
00098 0000004845 0 0 0 0 0
00099 0000062014 0 0 0 0 0
00100 0000064419 0 0 0 0 0
00101 0000001881 0 0 0 0 0
00102 0000002039 0 0 0 0 0
00103 0000006273 0 0 0 0 0
00104 0000009849 0 0 0 0 0
00105 0000064691 0 0 0 0 0
00106 0000064878 0 0 0 0 0
00107 0000000955 0 0 0 0 0
00108 0000001032 0 0 0 0 0
00109 0000064616 0 0 0 0 0
00110 0000007392 0 0 0 0 0
00111 0000015221 0 0 0 0 0
00112 0000007178 0 0 0 0 0
00113 0000007595 0 0 0 0 0
00114 0000000303 0 0 0 0 0
00115 0000005382 0 0 0 0 0
00116 0000000568 0 0 0 0 0
00117 0000000843 0 0 0 0 0
00118 0000008176 0 0 0 0 0
00119 0000055784 0 0 0 0 0
00120 0000064873 0 0 0 0 0
00121 0000003671 0 0 0 0 0
00122 0000062708 0 0 0 0 0
00123 0000000238 0 0 0 0 0
00124 0000062270 0 0 0 0 0
00125 0000003055 0 0 0 0 0
00126 0000000249 0 0 0 0 0
00127 0000061040 0 0 0 0 0
00128 0000056480 0 0 0 0 0
00129 0000005008 0 0 0 0 0
00130 0000060277 0 0 0 0 0
00131 0000005180 0 0 0 0 0
00132 0000007072 0 0 0 0 0
00133 0000004460 0 0 0 0 0
00134 0000004307 0 0 0 0 0
00135 0000001878 0 0 0 0 0
00136 0000061569 0 0 0 0 0
00137 0000063749 0 0 0 0 0
00138 0000061686 0 0 0 0 0
00139 0000002251 0 0 0 0 0
00140 0000003908 0 0 0 0 0
00141 0000010732 0 0 0 0 0
00142 0000000109 0 0 0 0 0
00143 0000005670 0 0 0 0 0
00144 0000002743 0 0 0 0 0
00145 0000007674 0 0 0 0 0
00146 0000006495 0 0 0 0 0
00147 0000064333 0 0 0 0 0
00148 0000065516 0 0 0 0 0
00149 0000063639 0 0 0 0 0
00150 0000005372 0 0 0 0 0
00151 0000002904 0 0 0 0 0
00152 0000010996 0 0 0 0 0
00153 0000011023 0 0 0 0 0
00154 0000059963 0 0 0 0 0
00155 0000064451 0 0 0 0 0
00156 0000001566 0 0 0 0 0
00157 0000064618 0 0 0 0 0
00158 0000058996 0 0 0 0 0
00159 0000051698 0 0 0 0 0
00160 0000002536 0 0 0 0 0
00161 0000064485 0 0 0 0 0
00162 0000000267 0 0 0 0 0
00163 0000003741 0 0 0 0 0
00164 0000006915 0 0 0 0 0
00165 0000062722 0 0 0 0 0
00166 0000004859 0 0 0 0 0
00167 0000003910 0 0 0 0 0
00168 0000003517 0 0 0 0 0
00169 0000001500 0 0 0 0 0
00170 0000001254 0 0 0 0 0
00171 0000059261 0 0 0 0 0
00172 0000009358 0 0 0 0 0
00173 0000004917 0 0 0 0 0
00174 0000056307 0 0 0 0 0
00175 0000012723 0 0 0 0 0
00176 0000005189 0 0 0 0 0
00177 0000003075 0 0 0 0 0
00178 0000007196 0 0 0 0 0
00179 0000056374 0 0 0 0 0
00180 0000000335 0 0 0 0 0
00181 0000062521 0 0 0 0 0
00182 0000054551 0 0 0 0 0
00183 0000060492 0 0 0 0 0
00184 0000064471 0 0 0 0 0
00185 0000003090 0 0 0 0 0
00186 0000061254 0 0 0 0 0
00187 0000062076 0 0 0 0 0
00188 0000060824 0 0 0 0 0
00189 0000057865 0 0 0 0 0
00190 0000000703 0 0 0 0 0
00191 0000011674 0 0 0 0 0
00192 0000059881 0 0 0 0 0
00193 0000061175 0 0 0 0 0
00194 0000002253 0 0 0 0 0
00195 0000000271 0 0 0 0 0
00196 0000057075 0 0 0 0 0
00197 0000007312 0 0 0 0 0
00198 0000000142 0 0 0 0 0
00199 0000065087 0 0 0 0 0
00200 0000006674 0 0 0 0 0
00201 0000057649 0 0 0 0 0
00202 0000056911 0 0 0 0 0
00203 0000060363 0 0 0 0 0
00204 0000011568 0 0 0 0 0
00205 0000061348 0 0 0 0 0
00206 0000062924 0 0 0 0 0
00207 0000005654 0 0 0 0 0
00208 0000060431 0 0 0 0 0
00209 0000060985 0 0 0 0 0
00210 0000064716 0 0 0 0 0
00211 0000001842 0 0 0 0 0
00212 0000062293 0 0 0 0 0
00213 0000063267 0 0 0 0 0
00214 0000001031 0 0 0 0 0
00215 0000054511 0 0 0 0 0
00216 0000052172 0 0 0 0 0
00217 0000061239 0 0 0 0 0
00218 0000004439 0 0 0 0 0
00219 0000004177 0 0 0 0 0
00220 0000000593 0 0 0 0 0
00221 0000065518 0 0 0 0 0
00222 0000003482 0 0 0 0 0
00223 0000007228 0 0 0 0 0
00224 0000060219 0 0 0 0 0
00225 0000060209 0 0 0 0 0
00226 0000002098 0 0 0 0 0
00227 0000064612 0 0 0 0 0
00228 0000002932 0 0 0 0 0
00229 0000061625 0 0 0 0 0
00230 0000054886 0 0 0 0 0
00231 0000003155 0 0 0 0 0
00232 0000063772 0 0 0 0 0
00233 0000003873 0 0 0 0 0
00234 0000001912 0 0 0 0 0
00235 0000005873 0 0 0 0 0
00236 0000005747 0 0 0 0 0
00237 0000064663 0 0 0 0 0
00238 0000064290 0 0 0 0 0
00239 0000009999 0 0 0 0 0
00240 0000012057 0 0 0 0 0
00241 0000057959 0 0 0 0 0
00242 0000058322 0 0 0 0 0
00243 0000001038 0 0 0 0 0
00244 0000003006 0 0 0 0 0
00245 0000061426 0 0 0 0 0
00246 0000062193 0 0 0 0 0
00247 0000006799 0 0 0 0 0
00248 0000062714 0 0 0 0 0
00249 0000055223 0 0 0 0 0
00250 0000052192 0 0 0 0 0
00251 0000064350 0 0 0 0 0
00252 0000007042 0 0 0 0 0
00253 0000005822 0 0 0 0 0
00254 0000063174 0 0 0 0 0
00255 0000002799 0 0 0 0 0
00256 0000000706 0 0 0 0 0
00257 0000000385 0 0 0 0 0
00258 0000008104 0 0 0 0 0
00259 0000008233 0 0 0 0 0
00260 0000007311 0 0 0 0 0
00261 0000001596 0 0 0 0 0
00262 0000009378 0 0 0 0 0
00263 0000006983 0 0 0 0 0
00264 0000059263 0 0 0 0 0
00265 0000062137 0 0 0 0 0
00266 0000064877 0 0 0 0 0
00267 0000065456 0 0 0 0 0
00268 0000063077 0 0 0 0 0
00269 0000058952 0 0 0 0 0
00270 0000054312 0 0 0 0 0
00271 0000007845 0 0 0 0 0
00272 0000004239 0 0 0 0 0
00273 0000001020 0 0 0 0 0
00274 0000063809 0 0 0 0 0
00275 0000062360 0 0 0 0 0
00276 0000063973 0 0 0 0 0
00277 0000061450 0 0 0 0 0
00278 0000006501 0 0 0 0 0
00279 0000006215 0 0 0 0 0
00280 0000052243 0 0 0 0 0
00281 0000065308 0 0 0 0 0
00282 0000064217 0 0 0 0 0
00283 0000062509 0 0 0 0 0
00284 0000009502 0 0 0 0 0
00285 0000004148 0 0 0 0 0
00286 0000057192 0 0 0 0 0
00287 0000012121 0 0 0 0 0
00288 0000063387 0 0 0 0 0
00289 0000062500 0 0 0 0 0
00290 0000004674 0 0 0 0 0
00291 0000000971 0 0 0 0 0
00292 0000059639 0 0 0 0 0
00293 0000015130 0 0 0 0 0
00294 0000006943 0 0 0 0 0
00295 0000000489 0 0 0 0 0
00296 0000061444 0 0 0 0 0
00297 0000005575 0 0 0 0 0
00298 0000001008 0 0 0 0 0
00299 0000060937 0 0 0 0 0
00300 0000012263 0 0 0 0 0
00301 0000003187 0 0 0 0 0
00302 0000065141 0 0 0 0 0
00303 0000004431 0 0 0 0 0
00304 0000002454 0 0 0 0 0
00305 0000064331 0 0 0 0 0
00306 0000004680 0 0 0 0 0
00307 0000064065 0 0 0 0 0
00308 0000060901 0 0 0 0 0
00309 0000005450 0 0 0 0 0
00310 0000064356 0 0 0 0 0
00311 0000054344 0 0 0 0 0
00312 0000057172 0 0 0 0 0
00313 0000060897 0 0 0 0 0
00314 0000064569 0 0 0 0 0
00315 0000064692 0 0 0 0 0
00316 0000007734 0 0 0 0 0
00317 0000057581 0 0 0 0 0
00318 0000003417 0 0 0 0 0
00319 0000064428 0 0 0 0 0
00320 0000064702 0 0 0 0 0
00321 0000063596 0 0 0 0 0
00322 0000056030 0 0 0 0 0
00323 0000004273 0 0 0 0 0
00324 0000058584 0 0 0 0 0
00325 0000001401 0 0 0 0 0
00326 0000000945 0 0 0 0 0
00327 0000059773 0 0 0 0 0
00328 0000062797 0 0 0 0 0
00329 0000064176 0 0 0 0 0
00330 0000000418 0 0 0 0 0
00331 0000003840 0 0 0 0 0
00332 0000064746 0 0 0 0 0
00333 0000004547 0 0 0 0 0
00334 0000064641 0 0 0 0 0
00335 0000011076 0 0 0 0 0
00336 0000012119 0 0 0 0 0
00337 0000063065 0 0 0 0 0
00338 0000003990 0 0 0 0 0
00339 0000000024 0 0 0 0 0
00340 0000062401 0 0 0 0 0
00341 0000002194 0 0 0 0 0
00342 0000061727 0 0 0 0 0
00343 0000008639 0 0 0 0 0
00344 0000005632 0 0 0 0 0
00345 0000059753 0 0 0 0 0
00346 0000063504 0 0 0 0 0
00347 0000006056 0 0 0 0 0
00348 0000004466 0 0 0 0 0
00349 0000055824 0 0 0 0 0
00350 0000002673 0 0 0 0 0
00351 0000004083 0 0 0 0 0
00352 0000060883 0 0 0 0 0
00353 0000055345 0 0 0 0 0
00354 0000001616 0 0 0 0 0
00355 0000004413 0 0 0 0 0
00356 0000004443 0 0 0 0 0
00357 0000057780 0 0 0 0 0
00358 0000011312 0 0 0 0 0
00359 0000002017 0 0 0 0 0
00360 0000057500 0 0 0 0 0
00361 0000008872 0 0 0 0 0
00362 0000004098 0 0 0 0 0
00363 0000003408 0 0 0 0 0
00364 0000063316 0 0 0 0 0
00365 0000059861 0 0 0 0 0
00366 0000003114 0 0 0 0 0
00367 0000000477 0 0 0 0 0
00368 0000002936 0 0 0 0 0
00369 0000062502 0 0 0 0 0
00370 0000005187 0 0 0 0 0
00371 0000011575 0 0 0 0 0
00372 0000000458 0 0 0 0 0
00373 0000060510 0 0 0 0 0
00374 0000062537 0 0 0 0 0
00375 0000001422 0 0 0 0 0
00376 0000000110 0 0 0 0 0
00377 0000002703 0 0 0 0 0
00378 0000064608 0 0 0 0 0
00379 0000062752 0 0 0 0 0
00380 0000010438 0 0 0 0 0
00381 0000011471 0 0 0 0 0
00382 0000060964 0 0 0 0 0
00383 0000062273 0 0 0 0 0
00384 0000063136 0 0 0 0 0
00385 0000000816 0 0 0 0 0
00386 0000011868 0 0 0 0 0
00387 0000001166 0 0 0 0 0
00388 0000004137 0 0 0 0 0
00389 0000001121 0 0 0 0 0
00390 0000064769 0 0 0 0 0
00391 0000063548 0 0 0 0 0
00392 0000004266 0 0 0 0 0
00393 0000002342 0 0 0 0 0
00394 0000008882 0 0 0 0 0
00395 0000058759 0 0 0 0 0
00396 0000060496 0 0 0 0 0
00397 0000003994 0 0 0 0 0
00398 0000065437 0 0 0 0 0
00399 0000002699 0 0 0 0 0
00400 0000006501 0 0 0 0 0
00401 0000006227 0 0 0 0 0
00402 0000000489 0 0 0 0 0
00403 0000062860 0 0 0 0 0
00404 0000001947 0 0 0 0 0
00405 0000006769 0 0 0 0 0
00406 0000061228 0 0 0 0 0
00407 0000002210 0 0 0 0 0
00408 0000006201 0 0 0 0 0
00409 0000006316 0 0 0 0 0
00410 0000010162 0 0 0 0 0
00411 0000009996 0 0 0 0 0
00412 0000062028 0 0 0 0 0
00413 0000002001 0 0 0 0 0
00414 0000007955 0 0 0 0 0
00415 0000059197 0 0 0 0 0
00416 0000003183 0 0 0 0 0
00417 0000064694 0 0 0 0 0
00418 0000048663 0 0 0 0 0
00419 0000059340 0 0 0 0 0
00420 0000006154 0 0 0 0 0
00421 0000063593 0 0 0 0 0
00422 0000061309 0 0 0 0 0
00423 0000007504 0 0 0 0 0
00424 0000001138 0 0 0 0 0
00425 0000057164 0 0 0 0 0
00426 0000064465 0 0 0 0 0
00427 0000007835 0 0 0 0 0
00428 0000060626 0 0 0 0 0
00429 0000059543 0 0 0 0 0
00430 0000006447 0 0 0 0 0
00431 0000006963 0 0 0 0 0
00432 0000009798 0 0 0 0 0
00433 0000058445 0 0 0 0 0
00434 0000059688 0 0 0 0 0
00435 0000063453 0 0 0 0 0
00436 0000000882 0 0 0 0 0
00437 0000005764 0 0 0 0 0
00438 0000063288 0 0 0 0 0
00439 0000001196 0 0 0 0 0
00440 0000000337 0 0 0 0 0
00441 0000001271 0 0 0 0 0
00442 0000062991 0 0 0 0 0
00443 0000063945 0 0 0 0 0
00444 0000006305 0 0 0 0 0
00445 0000000255 0 0 0 0 0
00446 0000006197 0 0 0 0 0
00447 0000004839 0 0 0 0 0
00448 0000004390 0 0 0 0 0
00449 0000062972 0 0 0 0 0
00450 0000061206 0 0 0 0 0
00451 0000004251 0 0 0 0 0
00452 0000054876 0 0 0 0 0
00453 0000001548 0 0 0 0 0
00454 0000001297 0 0 0 0 0
00455 0000057586 0 0 0 0 0
00456 0000002705 0 0 0 0 0
00457 0000000219 0 0 0 0 0
00458 0000007377 0 0 0 0 0
00459 0000007940 0 0 0 0 0
00460 0000002818 0 0 0 0 0
00461 0000061069 0 0 0 0 0
00462 0000060534 0 0 0 0 0
00463 0000004133 0 0 0 0 0
00464 0000065411 0 0 0 0 0
00465 0000006017 0 0 0 0 0
00466 0000063337 0 0 0 0 0
00467 0000051987 0 0 0 0 0
00468 0000062048 0 0 0 0 0
00469 0000003051 0 0 0 0 0
00470 0000061433 0 0 0 0 0
00471 0000064270 0 0 0 0 0
00472 0000009039 0 0 0 0 0
00473 0000062309 0 0 0 0 0
00474 0000005218 0 0 0 0 0
00475 0000065133 0 0 0 0 0
00476 0000002515 0 0 0 0 0
00477 0000059666 0 0 0 0 0
00478 0000005967 0 0 0 0 0
00479 0000057774 0 0 0 0 0
00480 0000055676 0 0 0 0 0
00481 0000060912 0 0 0 0 0
00482 0000062005 0 0 0 0 0
00483 0000059360 0 0 0 0 0
00484 0000065268 0 0 0 0 0
00485 0000063893 0 0 0 0 0
00486 0000064852 0 0 0 0 0
00487 0000059158 0 0 0 0 0
00488 0000001008 0 0 0 0 0
00489 0000006565 0 0 0 0 0
00490 0000000154 0 0 0 0 0
00491 0000014471 0 0 0 0 0
00492 0000063083 0 0 0 0 0
00493 0000057374 0 0 0 0 0
00494 0000065303 0 0 0 0 0
00495 0000065060 0 0 0 0 0
00496 0000060739 0 0 0 0 0
00497 0000065072 0 0 0 0 0
00498 0000060763 0 0 0 0 0
00499 0000008809 0 0 0 0 0
00500 0000006032 0 0 0 0 0
00501 0000003099 0 0 0 0 0
00502 0000056289 0 0 0 0 0
00503 0000063983 0 0 0 0 0
00504 0000000212 0 0 0 0 0
00505 0000005794 0 0 0 0 0
00506 0000003943 0 0 0 0 0
00507 0000004169 0 0 0 0 0
00508 0000064122 0 0 0 0 0
00509 0000059904 0 0 0 0 0
00510 0000061454 0 0 0 0 0
00511 0000005725 0 0 0 0 0
00512 0000000228 0 0 0 0 0
00513 0000058945 0 0 0 0 0
00514 0000064553 0 0 0 0 0
00515 0000012132 0 0 0 0 0
00516 0000003936 0 0 0 0 0
00517 0000060399 0 0 0 0 0
00518 0000065252 0 0 0 0 0
00519 0000004453 0 0 0 0 0
00520 0000061419 0 0 0 0 0
00521 0000003101 0 0 0 0 0
00522 0000000364 0 0 0 0 0
00523 0000003959 0 0 0 0 0
00524 0000062258 0 0 0 0 0
00525 0000000964 0 0 0 0 0
00526 0000001813 0 0 0 0 0
00527 0000059605 0 0 0 0 0
00528 0000061781 0 0 0 0 0
00529 0000055653 0 0 0 0 0
00530 0000064135 0 0 0 0 0
00531 0000008935 0 0 0 0 0
00532 0000006053 0 0 0 0 0
00533 0000063824 0 0 0 0 0
00534 0000007263 0 0 0 0 0
00535 0000000894 0 0 0 0 0
00536 0000063411 0 0 0 0 0
00537 0000004007 0 0 0 0 0
00538 0000061193 0 0 0 0 0
00539 0000001235 0 0 0 0 0
00540 0000002201 0 0 0 0 0
00541 0000063376 0 0 0 0 0
00542 0000000726 0 0 0 0 0
00543 0000003099 0 0 0 0 0
00544 0000002738 0 0 0 0 0
00545 0000010663 0 0 0 0 0
00546 0000000883 0 0 0 0 0
00547 0000061704 0 0 0 0 0
00548 0000061063 0 0 0 0 0
00549 0000065108 0 0 0 0 0
00550 0000001828 0 0 0 0 0
00551 0000063282 0 0 0 0 0
00552 0000015298 0 0 0 0 0
00553 0000004983 0 0 0 0 0
00554 0000001376 0 0 0 0 0
00555 0000059015 0 0 0 0 0
00556 0000061375 0 0 0 0 0
00557 0000065388 0 0 0 0 0
00558 0000004463 0 0 0 0 0
00559 0000055522 0 0 0 0 0
00560 0000003408 0 0 0 0 0
00561 0000005795 0 0 0 0 0
00562 0000060311 0 0 0 0 0
00563 0000061968 0 0 0 0 0
00564 0000002203 0 0 0 0 0
00565 0000058134 0 0 0 0 0
00566 0000004131 0 0 0 0 0
00567 0000004535 0 0 0 0 0
00568 0000058785 0 0 0 0 0
00569 0000013231 0 0 0 0 0
00570 0000003500 0 0 0 0 0
00571 0000063216 0 0 0 0 0
00572 0000063024 0 0 0 0 0
00573 0000060923 0 0 0 0 0
00574 0000057839 0 0 0 0 0
00575 0000005762 0 0 0 0 0
00576 0000009292 0 0 0 0 0
00577 0000062078 0 0 0 0 0
00578 0000002889 0 0 0 0 0
00579 0000005401 0 0 0 0 0
00580 0000001109 0 0 0 0 0
00581 0000064780 0 0 0 0 0
00582 0000065194 0 0 0 0 0
00583 0000063253 0 0 0 0 0
00584 0000058149 0 0 0 0 0
00585 0000002396 0 0 0 0 0
00586 0000005327 0 0 0 0 0
00587 0000008845 0 0 0 0 0
00588 0000063309 0 0 0 0 0
00589 0000058700 0 0 0 0 0
00590 0000003165 0 0 0 0 0
00591 0000060216 0 0 0 0 0
00592 0000002750 0 0 0 0 0
00593 0000001562 0 0 0 0 0
00594 0000001402 0 0 0 0 0
00595 0000012987 0 0 0 0 0
00596 0000000900 0 0 0 0 0
00597 0000052291 0 0 0 0 0
00598 0000059192 0 0 0 0 0
00599 0000001459 0 0 0 0 0
00600 0000002673 0 0 0 0 0
00601 0000058464 0 0 0 0 0
00602 0000061997 0 0 0 0 0
00603 0000065376 0 0 0 0 0
00604 0000063986 0 0 0 0 0
00605 0000063629 0 0 0 0 0
00606 0000062904 0 0 0 0 0
00607 0000062079 0 0 0 0 0
00608 0000060311 0 0 0 0 0
00609 0000063900 0 0 0 0 0
00610 0000003786 0 0 0 0 0
00611 0000000403 0 0 0 0 0
00612 0000001056 0 0 0 0 0
00613 0000004247 0 0 0 0 0
00614 0000005071 0 0 0 0 0
00615 0000003191 0 0 0 0 0
00616 0000005707 0 0 0 0 0
00617 0000061310 0 0 0 0 0
00618 0000055400 0 0 0 0 0
00619 0000061619 0 0 0 0 0
00620 0000000098 0 0 0 0 0
00621 0000004574 0 0 0 0 0
00622 0000065371 0 0 0 0 0
00623 0000064422 0 0 0 0 0
00624 0000005142 0 0 0 0 0
00625 0000008670 0 0 0 0 0
00626 0000059467 0 0 0 0 0
00627 0000000571 0 0 0 0 0
00628 0000058326 0 0 0 0 0
00629 0000063338 0 0 0 0 0
00630 0000002889 0 0 0 0 0
00631 0000004850 0 0 0 0 0
00632 0000003507 0 0 0 0 0
00633 0000002102 0 0 0 0 0
00634 0000064196 0 0 0 0 0
00635 0000062349 0 0 0 0 0
00636 0000013650 0 0 0 0 0
00637 0000058064 0 0 0 0 0
00638 0000000322 0 0 0 0 0
00639 0000010723 0 0 0 0 0
00640 0000002658 0 0 0 0 0
00641 0000065340 0 0 0 0 0
00642 0000060839 0 0 0 0 0
00643 0000003541 0 0 0 0 0
00644 0000062240 0 0 0 0 0
00645 0000005700 0 0 0 0 0
00646 0000061085 0 0 0 0 0
00647 0000003444 0 0 0 0 0
00648 0000006553 0 0 0 0 0
00649 0000001631 0 0 0 0 0
00650 0000003321 0 0 0 0 0
00651 0000063807 0 0 0 0 0
00652 0000058551 0 0 0 0 0
00653 0000060975 0 0 0 0 0
00654 0000050042 0 0 0 0 0
00655 0000000261 0 0 0 0 0
00656 0000012500 0 0 0 0 0
00657 0000003749 0 0 0 0 0
00658 0000011327 0 0 0 0 0
00659 0000059385 0 0 0 0 0
00660 0000062916 0 0 0 0 0
00661 0000061070 0 0 0 0 0
00662 0000061537 0 0 0 0 0
00663 0000061654 0 0 0 0 0
00664 0000063347 0 0 0 0 0
00665 0000058191 0 0 0 0 0
00666 0000006217 0 0 0 0 0
00667 0000010455 0 0 0 0 0
00668 0000003520 0 0 0 0 0
00669 0000005094 0 0 0 0 0
00670 0000004668 0 0 0 0 0
00671 0000003312 0 0 0 0 0
00672 0000061714 0 0 0 0 0
00673 0000060308 0 0 0 0 0
00674 0000004595 0 0 0 0 0
00675 0000062343 0 0 0 0 0
00676 0000000486 0 0 0 0 0
00677 0000003946 0 0 0 0 0
00678 0000001740 0 0 0 0 0
00679 0000009460 0 0 0 0 0
00680 0000011054 0 0 0 0 0
00681 0000005731 0 0 0 0 0
00682 0000010583 0 0 0 0 0
00683 0000005250 0 0 0 0 0
00684 0000065272 0 0 0 0 0
00685 0000061193 0 0 0 0 0
00686 0000063972 0 0 0 0 0
00687 0000001847 0 0 0 0 0
00688 0000001139 0 0 0 0 0
00689 0000008437 0 0 0 0 0
00690 0000001067 0 0 0 0 0
00691 0000000515 0 0 0 0 0
00692 0000063704 0 0 0 0 0
00693 0000007745 0 0 0 0 0
00694 0000001745 0 0 0 0 0
00695 0000001131 0 0 0 0 0
00696 0000060411 0 0 0 0 0
00697 0000061528 0 0 0 0 0
00698 0000001195 0 0 0 0 0
00699 0000005251 0 0 0 0 0
00700 0000065044 0 0 0 0 0
00701 0000002336 0 0 0 0 0
00702 0000000020 0 0 0 0 0
00703 0000064469 0 0 0 0 0
00704 0000065235 0 0 0 0 0
00705 0000006677 0 0 0 0 0
00706 0000003310 0 0 0 0 0
00707 0000062033 0 0 0 0 0
00708 0000061996 0 0 0 0 0
00709 0000005430 0 0 0 0 0
00710 0000002104 0 0 0 0 0
00711 0000065199 0 0 0 0 0
00712 0000000230 0 0 0 0 0
00713 0000064738 0 0 0 0 0
00714 0000004239 0 0 0 0 0
00715 0000060199 0 0 0 0 0
00716 0000065057 0 0 0 0 0
00717 0000064489 0 0 0 0 0
00718 0000002259 0 0 0 0 0
00719 0000062771 0 0 0 0 0
00720 0000054228 0 0 0 0 0
00721 0000061189 0 0 0 0 0
00722 0000000049 0 0 0 0 0
00723 0000059133 0 0 0 0 0
00724 0000064944 0 0 0 0 0
00725 0000005292 0 0 0 0 0
00726 0000000890 0 0 0 0 0
00727 0000003670 0 0 0 0 0
00728 0000064409 0 0 0 0 0
00729 0000060494 0 0 0 0 0
00730 0000063818 0 0 0 0 0
00731 0000061559 0 0 0 0 0
00732 0000060261 0 0 0 0 0
00733 0000000543 0 0 0 0 0
00734 0000010780 0 0 0 0 0
00735 0000062423 0 0 0 0 0
00736 0000012335 0 0 0 0 0
00737 0000000152 0 0 0 0 0
00738 0000063365 0 0 0 0 0
00739 0000001569 0 0 0 0 0
00740 0000002471 0 0 0 0 0
00741 0000001371 0 0 0 0 0
00742 0000001686 0 0 0 0 0
00743 0000008373 0 0 0 0 0
00744 0000064971 0 0 0 0 0
00745 0000058705 0 0 0 0 0
00746 0000006007 0 0 0 0 0
00747 0000002547 0 0 0 0 0
00748 0000063694 0 0 0 0 0
00749 0000002123 0 0 0 0 0
00750 0000063603 0 0 0 0 0
00751 0000065250 0 0 0 0 0
00752 0000005954 0 0 0 0 0
00753 0000003004 0 0 0 0 0
00754 0000006363 0 0 0 0 0
00755 0000003513 0 0 0 0 0
00756 0000057235 0 0 0 0 0
00757 0000065326 0 0 0 0 0
00758 0000010826 0 0 0 0 0
00759 0000064425 0 0 0 0 0
00760 0000003429 0 0 0 0 0
00761 0000005654 0 0 0 0 0
00762 0000000146 0 0 0 0 0
00763 0000062028 0 0 0 0 0
00764 0000002443 0 0 0 0 0
00765 0000000412 0 0 0 0 0
00766 0000061161 0 0 0 0 0
00767 0000003787 0 0 0 0 0
00768 0000005005 0 0 0 0 0
00769 0000004531 0 0 0 0 0
00770 0000002920 0 0 0 0 0
00771 0000003873 0 0 0 0 0
00772 0000060825 0 0 0 0 0
00773 0000064943 0 0 0 0 0
00774 0000003127 0 0 0 0 0
00775 0000005569 0 0 0 0 0
00776 0000063652 0 0 0 0 0
00777 0000062239 0 0 0 0 0
00778 0000005542 0 0 0 0 0
00779 0000005649 0 0 0 0 0
00780 0000063876 0 0 0 0 0
00781 0000005104 0 0 0 0 0
00782 0000004328 0 0 0 0 0
00783 0000004145 0 0 0 0 0
00784 0000010264 0 0 0 0 0
00785 0000001941 0 0 0 0 0
00786 0000064734 0 0 0 0 0
00787 0000006293 0 0 0 0 0
00788 0000001425 0 0 0 0 0
00789 0000005290 0 0 0 0 0
00790 0000063135 0 0 0 0 0
00791 0000005594 0 0 0 0 0
00792 0000006058 0 0 0 0 0
00793 0000001157 0 0 0 0 0
00794 0000005786 0 0 0 0 0
00795 0000062370 0 0 0 0 0
00796 0000059666 0 0 0 0 0
00797 0000064467 0 0 0 0 0
00798 0000009154 0 0 0 0 0
00799 0000002790 0 0 0 0 0
00800 0000001350 0 0 0 0 0
00801 0000061633 0 0 0 0 0
00802 0000000542 0 0 0 0 0
00803 0000010132 0 0 0 0 0
00804 0000007630 0 0 0 0 0
00805 0000061632 0 0 0 0 0
00806 0000002718 0 0 0 0 0
00807 0000004469 0 0 0 0 0
00808 0000008641 0 0 0 0 0
00809 0000000228 0 0 0 0 0
00810 0000004410 0 0 0 0 0
00811 0000058091 0 0 0 0 0
00812 0000001965 0 0 0 0 0
00813 0000001264 0 0 0 0 0
00814 0000061430 0 0 0 0 0
00815 0000064342 0 0 0 0 0
00816 0000062687 0 0 0 0 0
00817 0000000390 0 0 0 0 0
00818 0000006856 0 0 0 0 0
00819 0000001625 0 0 0 0 0
00820 0000001752 0 0 0 0 0
00821 0000003087 0 0 0 0 0
00822 0000008723 0 0 0 0 0
00823 0000000424 0 0 0 0 0
00824 0000063038 0 0 0 0 0
00825 0000001392 0 0 0 0 0
00826 0000001578 0 0 0 0 0
00827 0000060638 0 0 0 0 0
00828 0000061842 0 0 0 0 0
00829 0000064017 0 0 0 0 0
00830 0000059393 0 0 0 0 0
00831 0000011014 0 0 0 0 0
00832 0000063257 0 0 0 0 0
00833 0000059680 0 0 0 0 0
00834 0000005366 0 0 0 0 0
00835 0000062362 0 0 0 0 0
00836 0000001700 0 0 0 0 0
00837 0000006514 0 0 0 0 0
00838 0000000233 0 0 0 0 0
00839 0000002993 0 0 0 0 0
00840 0000007048 0 0 0 0 0
00841 0000065106 0 0 0 0 0
00842 0000001336 0 0 0 0 0
00843 0000064291 0 0 0 0 0
00844 0000061493 0 0 0 0 0
00845 0000056805 0 0 0 0 0
00846 0000058123 0 0 0 0 0
00847 0000005344 0 0 0 0 0
00848 0000060626 0 0 0 0 0
00849 0000010416 0 0 0 0 0
00850 0000002096 0 0 0 0 0
00851 0000058719 0 0 0 0 0
00852 0000001754 0 0 0 0 0
00853 0000062610 0 0 0 0 0
00854 0000058762 0 0 0 0 0
00855 0000001318 0 0 0 0 0
00856 0000058083 0 0 0 0 0
00857 0000003043 0 0 0 0 0
00858 0000008170 0 0 0 0 0
00859 0000059184 0 0 0 0 0
00860 0000005510 0 0 0 0 0
00861 0000007287 0 0 0 0 0
00862 0000005296 0 0 0 0 0
00863 0000007704 0 0 0 0 0
00864 0000064414 0 0 0 0 0
00865 0000057439 0 0 0 0 0
00866 0000064475 0 0 0 0 0
00867 0000012543 0 0 0 0 0
00868 0000003262 0 0 0 0 0
00869 0000006643 0 0 0 0 0
00870 0000000761 0 0 0 0 0
00871 0000060323 0 0 0 0 0
00872 0000001258 0 0 0 0 0
00873 0000062405 0 0 0 0 0
00874 0000061256 0 0 0 0 0
00875 0000053522 0 0 0 0 0
00876 0000002419 0 0 0 0 0
00877 0000012614 0 0 0 0 0
00878 0000062929 0 0 0 0 0
00879 0000060120 0 0 0 0 0
00880 0000065056 0 0 0 0 0
00881 0000000432 0 0 0 0 0
00882 0000062965 0 0 0 0 0
00883 0000061318 0 0 0 0 0
00884 0000060290 0 0 0 0 0
00885 0000000141 0 0 0 0 0
00886 0000010070 0 0 0 0 0
00887 0000052486 0 0 0 0 0
00888 0000065265 0 0 0 0 0
00889 0000063226 0 0 0 0 0
00890 0000061137 0 0 0 0 0
00891 0000062184 0 0 0 0 0
00892 0000060464 0 0 0 0 0
00893 0000008169 0 0 0 0 0
00894 0000060914 0 0 0 0 0
00895 0000059034 0 0 0 0 0
00896 0000001375 0 0 0 0 0
00897 0000064979 0 0 0 0 0
00898 0000004228 0 0 0 0 0
00899 0000002888 0 0 0 0 0
00900 0000065019 0 0 0 0 0
00901 0000000491 0 0 0 0 0
00902 0000059490 0 0 0 0 0
00903 0000000201 0 0 0 0 0
00904 0000003062 0 0 0 0 0
00905 0000012147 0 0 0 0 0
00906 0000059931 0 0 0 0 0
00907 0000062226 0 0 0 0 0
00908 0000004589 0 0 0 0 0
00909 0000064211 0 0 0 0 0
00910 0000064743 0 0 0 0 0
00911 0000060114 0 0 0 0 0
00912 0000050409 0 0 0 0 0
00913 0000057186 0 0 0 0 0
00914 0000005480 0 0 0 0 0
00915 0000063629 0 0 0 0 0
00916 0000055555 0 0 0 0 0
00917 0000063004 0 0 0 0 0
00918 0000061892 0 0 0 0 0
00919 0000064337 0 0 0 0 0
00920 0000054956 0 0 0 0 0
00921 0000004925 0 0 0 0 0
00922 0000000945 0 0 0 0 0
00923 0000001109 0 0 0 0 0
00924 0000059324 0 0 0 0 0
00925 0000065017 0 0 0 0 0
00926 0000058707 0 0 0 0 0
00927 0000006241 0 0 0 0 0
00928 0000062839 0 0 0 0 0
00929 0000065031 0 0 0 0 0
00930 0000001671 0 0 0 0 0
00931 0000002973 0 0 0 0 0
00932 0000060444 0 0 0 0 0
00933 0000065011 0 0 0 0 0
00934 0000062510 0 0 0 0 0
00935 0000057964 0 0 0 0 0
00936 0000063732 0 0 0 0 0
00937 0000065211 0 0 0 0 0
00938 0000001569 0 0 0 0 0
00939 0000064731 0 0 0 0 0
00940 0000058313 0 0 0 0 0
00941 0000007049 0 0 0 0 0
00942 0000064300 0 0 0 0 0
00943 0000058674 0 0 0 0 0
00944 0000055842 0 0 0 0 0
00945 0000060090 0 0 0 0 0
00946 0000062938 0 0 0 0 0
00947 0000061204 0 0 0 0 0
00948 0000061703 0 0 0 0 0
00949 0000062830 0 0 0 0 0
00950 0000061158 0 0 0 0 0
00951 0000064837 0 0 0 0 0
00952 0000002677 0 0 0 0 0
00953 0000015546 0 0 0 0 0
00954 0000007863 0 0 0 0 0
00955 0000002855 0 0 0 0 0
00956 0000000231 0 0 0 0 0
00957 0000055797 0 0 0 0 0
00958 0000003091 0 0 0 0 0
00959 0000007945 0 0 0 0 0
00960 0000064614 0 0 0 0 0
00961 0000064122 0 0 0 0 0
00962 0000063469 0 0 0 0 0
00963 0000006376 0 0 0 0 0
00964 0000004077 0 0 0 0 0
00965 0000013575 0 0 0 0 0
00966 0000007686 0 0 0 0 0
00967 0000051432 0 0 0 0 0
00968 0000005296 0 0 0 0 0
00969 0000000300 0 0 0 0 0
00970 0000006864 0 0 0 0 0
00971 0000000739 0 0 0 0 0
00972 0000064581 0 0 0 0 0
00973 0000003332 0 0 0 0 0
00974 0000059102 0 0 0 0 0
00975 0000062642 0 0 0 0 0
00976 0000063975 0 0 0 0 0
00977 0000004885 0 0 0 0 0
00978 0000064492 0 0 0 0 0
00979 0000065395 0 0 0 0 0
00980 0000005182 0 0 0 0 0
00981 0000004211 0 0 0 0 0
00982 0000000683 0 0 0 0 0
00983 0000064656 0 0 0 0 0
00984 0000003687 0 0 0 0 0
00985 0000001762 0 0 0 0 0
00986 0000003808 0 0 0 0 0
00987 0000004866 0 0 0 0 0
00988 0000006913 0 0 0 0 0
00989 0000004373 0 0 0 0 0
00990 0000006159 0 0 0 0 0
00991 0000063507 0 0 0 0 0
00992 0000004691 0 0 0 0 0
00993 0000002920 0 0 0 0 0
00994 0000002438 0 0 0 0 0
00995 0000000983 0 0 0 0 0
00996 0000010125 0 0 0 0 0
00997 0000008124 0 0 0 0 0
00998 0000062826 0 0 0 0 0
00999 0000000121 0 0 0 0 0
01000 0000002969 0 0 0 0 0
01001 0000062741 0 0 0 0 0
01002 0000004881 0 0 0 0 0
01003 0000064341 0 0 0 0 0
01004 0000003750 0 0 0 0 0
01005 0000059417 0 0 0 0 0
01006 0000059658 0 0 0 0 0
01007 0000014669 0 0 0 0 0
01008 0000061256 0 0 0 0 0
01009 0000002143 0 0 0 0 0
01010 0000014294 0 0 0 0 0
01011 0000063812 0 0 0 0 0
01012 0000001953 0 0 0 0 0
01013 0000002938 0 0 0 0 0
01014 0000064609 0 0 0 0 0
01015 0000056980 0 0 0 0 0
01016 0000000827 0 0 0 0 0
01017 0000062408 0 0 0 0 0
01018 0000062430 0 0 0 0 0
01019 0000009089 0 0 0 0 0
01020 0000064990 0 0 0 0 0
01021 0000063787 0 0 0 0 0
01022 0000004515 0 0 0 0 0
01023 0000003994 0 0 0 0 0
01024 0000065179 0 0 0 0 0
01025 0000061591 0 0 0 0 0
01026 0000006894 0 0 0 0 0
01027 0000007843 0 0 0 0 0
01028 0000007962 0 0 0 0 0
01029 0000004573 0 0 0 0 0
01030 0000063659 0 0 0 0 0
01031 0000001982 0 0 0 0 0
01032 0000004463 0 0 0 0 0
01033 0000063927 0 0 0 0 0
01034 0000006227 0 0 0 0 0
01035 0000065252 0 0 0 0 0
01036 0000063836 0 0 0 0 0
01037 0000060204 0 0 0 0 0
01038 0000004319 0 0 0 0 0
01039 0000014317 0 0 0 0 0
01040 0000013528 0 0 0 0 0
01041 0000004205 0 0 0 0 0
01042 0000061120 0 0 0 0 0
01043 0000000241 0 0 0 0 0
01044 0000059675 0 0 0 0 0
01045 0000000848 0 0 0 0 0
01046 0000006189 0 0 0 0 0
01047 0000064206 0 0 0 0 0
01048 0000060194 0 0 0 0 0
01049 0000006704 0 0 0 0 0
01050 0000060785 0 0 0 0 0
01051 0000063606 0 0 0 0 0
01052 0000003110 0 0 0 0 0
01053 0000000868 0 0 0 0 0
01054 0000004731 0 0 0 0 0
01055 0000051790 0 0 0 0 0
01056 0000062732 0 0 0 0 0
01057 0000006371 0 0 0 0 0
01058 0000065192 0 0 0 0 0
01059 0000004260 0 0 0 0 0
01060 0000055440 0 0 0 0 0
01061 0000008105 0 0 0 0 0
01062 0000005160 0 0 0 0 0
01063 0000061745 0 0 0 0 0
01064 0000063772 0 0 0 0 0
01065 0000055203 0 0 0 0 0
01066 0000006269 0 0 0 0 0
01067 0000003218 0 0 0 0 0
01068 0000004905 0 0 0 0 0
01069 0000061109 0 0 0 0 0
01070 0000063861 0 0 0 0 0
01071 0000060313 0 0 0 0 0
01072 0000000788 0 0 0 0 0
01073 0000065104 0 0 0 0 0
01074 0000057456 0 0 0 0 0
01075 0000005202 0 0 0 0 0
01076 0000057172 0 0 0 0 0
01077 0000058592 0 0 0 0 0
01078 0000008602 0 0 0 0 0
01079 0000062678 0 0 0 0 0
01080 0000065528 0 0 0 0 0
01081 0000060111 0 0 0 0 0
01082 0000003251 0 0 0 0 0
01083 0000003645 0 0 0 0 0
01084 0000060926 0 0 0 0 0
01085 0000060572 0 0 0 0 0
01086 0000059244 0 0 0 0 0
01087 0000059895 0 0 0 0 0
01088 0000003716 0 0 0 0 0
01089 0000004886 0 0 0 0 0
01090 0000002031 0 0 0 0 0
01091 0000009080 0 0 0 0 0
01092 0000064673 0 0 0 0 0
01093 0000000502 0 0 0 0 0
01094 0000000476 0 0 0 0 0
01095 0000000225 0 0 0 0 0
01096 0000064436 0 0 0 0 0
01097 0000062187 0 0 0 0 0
01098 0000000689 0 0 0 0 0
01099 0000055507 0 0 0 0 0
01100 0000002215 0 0 0 0 0
01101 0000058409 0 0 0 0 0
01102 0000000035 0 0 0 0 0
01103 0000004485 0 0 0 0 0
01104 0000003121 0 0 0 0 0
01105 0000065274 0 0 0 0 0
01106 0000062397 0 0 0 0 0
01107 0000064638 0 0 0 0 0
01108 0000008313 0 0 0 0 0
01109 0000060636 0 0 0 0 0
01110 0000006886 0 0 0 0 0
01111 0000061542 0 0 0 0 0
01112 0000060369 0 0 0 0 0
01113 0000000056 0 0 0 0 0
01114 0000004935 0 0 0 0 0
01115 0000000016 0 0 0 0 0
01116 0000058682 0 0 0 0 0
01117 0000058637 0 0 0 0 0
01118 0000058444 0 0 0 0 0
01119 0000003362 0 0 0 0 0
01120 0000008393 0 0 0 0 0
01121 0000057101 0 0 0 0 0
01122 0000065457 0 0 0 0 0
01123 0000063816 0 0 0 0 0
01124 0000002912 0 0 0 0 0
01125 0000060578 0 0 0 0 0
01126 0000056250 0 0 0 0 0
01127 0000005839 0 0 0 0 0
01128 0000003846 0 0 0 0 0
01129 0000005523 0 0 0 0 0
01130 0000060758 0 0 0 0 0
01131 0000057646 0 0 0 0 0
01132 0000060109 0 0 0 0 0
01133 0000062625 0 0 0 0 0
01134 0000000125 0 0 0 0 0
01135 0000000187 0 0 0 0 0
01136 0000004969 0 0 0 0 0
01137 0000065266 0 0 0 0 0
01138 0000057468 0 0 0 0 0
01139 0000057843 0 0 0 0 0
01140 0000002299 0 0 0 0 0
01141 0000000049 0 0 0 0 0
01142 0000001969 0 0 0 0 0
01143 0000062673 0 0 0 0 0
01144 0000006121 0 0 0 0 0
01145 0000002758 0 0 0 0 0
01146 0000062583 0 0 0 0 0
01147 0000063093 0 0 0 0 0
01148 0000000192 0 0 0 0 0
01149 0000053532 0 0 0 0 0
01150 0000000382 0 0 0 0 0
01151 0000064232 0 0 0 0 0
01152 0000063477 0 0 0 0 0
01153 0000064077 0 0 0 0 0
01154 0000004660 0 0 0 0 0
01155 0000061751 0 0 0 0 0
01156 0000005319 0 0 0 0 0
01157 0000007089 0 0 0 0 0
01158 0000002825 0 0 0 0 0
01159 0000056096 0 0 0 0 0
01160 0000063294 0 0 0 0 0
01161 0000010052 0 0 0 0 0
01162 0000058998 0 0 0 0 0
01163 0000011336 0 0 0 0 0
01164 0000000920 0 0 0 0 0
01165 0000063464 0 0 0 0 0
01166 0000003367 0 0 0 0 0
01167 0000007710 0 0 0 0 0
01168 0000002578 0 0 0 0 0
01169 0000003782 0 0 0 0 0
01170 0000064859 0 0 0 0 0
01171 0000057319 0 0 0 0 0
01172 0000060045 0 0 0 0 0
01173 0000005303 0 0 0 0 0
01174 0000003091 0 0 0 0 0
01175 0000064261 0 0 0 0 0
01176 0000001378 0 0 0 0 0
01177 0000063041 0 0 0 0 0
01178 0000007168 0 0 0 0 0
01179 0000060955 0 0 0 0 0
01180 0000062884 0 0 0 0 0
01181 0000006816 0 0 0 0 0
01182 0000062647 0 0 0 0 0
01183 0000003082 0 0 0 0 0
01184 0000064812 0 0 0 0 0
01185 0000003634 0 0 0 0 0
01186 0000003535 0 0 0 0 0
01187 0000007457 0 0 0 0 0
01188 0000003524 0 0 0 0 0
01189 0000003379 0 0 0 0 0
01190 0000002520 0 0 0 0 0
01191 0000002584 0 0 0 0 0
01192 0000065164 0 0 0 0 0
01193 0000064518 0 0 0 0 0
01194 0000001960 0 0 0 0 0
01195 0000061702 0 0 0 0 0
01196 0000002181 0 0 0 0 0
01197 0000062777 0 0 0 0 0
01198 0000001473 0 0 0 0 0
01199 0000002394 0 0 0 0 0
01200 0000002310 0 0 0 0 0
01201 0000008121 0 0 0 0 0
01202 0000062017 0 0 0 0 0
01203 0000002194 0 0 0 0 0
01204 0000057367 0 0 0 0 0
01205 0000057425 0 0 0 0 0
01206 0000004962 0 0 0 0 0
01207 0000005402 0 0 0 0 0
01208 0000009336 0 0 0 0 0
01209 0000008960 0 0 0 0 0
01210 0000060414 0 0 0 0 0
01211 0000059996 0 0 0 0 0
01212 0000011914 0 0 0 0 0
01213 0000001819 0 0 0 0 0
01214 0000000640 0 0 0 0 0
01215 0000006300 0 0 0 0 0
01216 0000012674 0 0 0 0 0
01217 0000002906 0 0 0 0 0
01218 0000009129 0 0 0 0 0
01219 0000062916 0 0 0 0 0
01220 0000065058 0 0 0 0 0
01221 0000058254 0 0 0 0 0
01222 0000001137 0 0 0 0 0
01223 0000058632 0 0 0 0 0
01224 0000001890 0 0 0 0 0
01225 0000065451 0 0 0 0 0
01226 0000000508 0 0 0 0 0
01227 0000062240 0 0 0 0 0
01228 0000061368 0 0 0 0 0
01229 0000002481 0 0 0 0 0
01230 0000050567 0 0 0 0 0
01231 0000011837 0 0 0 0 0
01232 0000063120 0 0 0 0 0
01233 0000063015 0 0 0 0 0
01234 0000000803 0 0 0 0 0
01235 0000003605 0 0 0 0 0
01236 0000064522 0 0 0 0 0
01237 0000063577 0 0 0 0 0
01238 0000059779 0 0 0 0 0
01239 0000002357 0 0 0 0 0
01240 0000003577 0 0 0 0 0
01241 0000056213 0 0 0 0 0
01242 0000058292 0 0 0 0 0
01243 0000063058 0 0 0 0 0
01244 0000064947 0 0 0 0 0
01245 0000000026 0 0 0 0 0
01246 0000061742 0 0 0 0 0
01247 0000000415 0 0 0 0 0
01248 0000064422 0 0 0 0 0
01249 0000010073 0 0 0 0 0
01250 0000056692 0 0 0 0 0
01251 0000059519 0 0 0 0 0
01252 0000062911 0 0 0 0 0
01253 0000062344 0 0 0 0 0
01254 0000001157 0 0 0 0 0
01255 0000002123 0 0 0 0 0
01256 0000061380 0 0 0 0 0
01257 0000005250 0 0 0 0 0
01258 0000049889 0 0 0 0 0
01259 0000051407 0 0 0 0 0
01260 0000064300 0 0 0 0 0
01261 0000062581 0 0 0 0 0
01262 0000061835 0 0 0 0 0
01263 0000003382 0 0 0 0 0
01264 0000004674 0 0 0 0 0
01265 0000062068 0 0 0 0 0
01266 0000058032 0 0 0 0 0
01267 0000062332 0 0 0 0 0
01268 0000061469 0 0 0 0 0
01269 0000062355 0 0 0 0 0
01270 0000063032 0 0 0 0 0
01271 0000000043 0 0 0 0 0
01272 0000001634 0 0 0 0 0
01273 0000001799 0 0 0 0 0
01274 0000002482 0 0 0 0 0
01275 0000001950 0 0 0 0 0
01276 0000062281 0 0 0 0 0
01277 0000059089 0 0 0 0 0
01278 0000000714 0 0 0 0 0
01279 0000009522 0 0 0 0 0
01280 0000003110 0 0 0 0 0
01281 0000061893 0 0 0 0 0
01282 0000010670 0 0 0 0 0
01283 0000060168 0 0 0 0 0
01284 0000005021 0 0 0 0 0
01285 0000064403 0 0 0 0 0
01286 0000005147 0 0 0 0 0
01287 0000000267 0 0 0 0 0
01288 0000063059 0 0 0 0 0
01289 0000004713 0 0 0 0 0
01290 0000051631 0 0 0 0 0
01291 0000009112 0 0 0 0 0
01292 0000065523 0 0 0 0 0
01293 0000064169 0 0 0 0 0
01294 0000065028 0 0 0 0 0
01295 0000001589 0 0 0 0 0
01296 0000054025 0 0 0 0 0
01297 0000059960 0 0 0 0 0
01298 0000001747 0 0 0 0 0
01299 0000059997 0 0 0 0 0
01300 0000059839 0 0 0 0 0
01301 0000002069 0 0 0 0 0
01302 0000064818 0 0 0 0 0
01303 0000060506 0 0 0 0 0
01304 0000009460 0 0 0 0 0
01305 0000061030 0 0 0 0 0
01306 0000058707 0 0 0 0 0
01307 0000004973 0 0 0 0 0
01308 0000004646 0 0 0 0 0
01309 0000060230 0 0 0 0 0
01310 0000064420 0 0 0 0 0
01311 0000004369 0 0 0 0 0
01312 0000002221 0 0 0 0 0
01313 0000064665 0 0 0 0 0
01314 0000061059 0 0 0 0 0
01315 0000064890 0 0 0 0 0
01316 0000001663 0 0 0 0 0
01317 0000055093 0 0 0 0 0
01318 0000065061 0 0 0 0 0
01319 0000059184 0 0 0 0 0
01320 0000062189 0 0 0 0 0
01321 0000001317 0 0 0 0 0
01322 0000012296 0 0 0 0 0
01323 0000008090 0 0 0 0 0
01324 0000003659 0 0 0 0 0
01325 0000004899 0 0 0 0 0
01326 0000064721 0 0 0 0 0
01327 0000004708 0 0 0 0 0
01328 0000011212 0 0 0 0 0
01329 0000060088 0 0 0 0 0
01330 0000060999 0 0 0 0 0
01331 0000010260 0 0 0 0 0
01332 0000064619 0 0 0 0 0
01333 0000065198 0 0 0 0 0
01334 0000003918 0 0 0 0 0
01335 0000060525 0 0 0 0 0
01336 0000056802 0 0 0 0 0
01337 0000063759 0 0 0 0 0
01338 0000000265 0 0 0 0 0
01339 0000006126 0 0 0 0 0
01340 0000003662 0 0 0 0 0
01341 0000004110 0 0 0 0 0
01342 0000007311 0 0 0 0 0
01343 0000005052 0 0 0 0 0
01344 0000063220 0 0 0 0 0
01345 0000004820 0 0 0 0 0
01346 0000060815 0 0 0 0 0
01347 0000059269 0 0 0 0 0
01348 0000059187 0 0 0 0 0
01349 0000055410 0 0 0 0 0
01350 0000000711 0 0 0 0 0
01351 0000009162 0 0 0 0 0
01352 0000059951 0 0 0 0 0
01353 0000056363 0 0 0 0 0
01354 0000063597 0 0 0 0 0
01355 0000062751 0 0 0 0 0
01356 0000000163 0 0 0 0 0
01357 0000062623 0 0 0 0 0
01358 0000057643 0 0 0 0 0
01359 0000055853 0 0 0 0 0
01360 0000065355 0 0 0 0 0
01361 0000012052 0 0 0 0 0
01362 0000000735 0 0 0 0 0
01363 0000056167 0 0 0 0 0
01364 0000064671 0 0 0 0 0
01365 0000004823 0 0 0 0 0
01366 0000065138 0 0 0 0 0
01367 0000006553 0 0 0 0 0
01368 0000011078 0 0 0 0 0
01369 0000062614 0 0 0 0 0
01370 0000063639 0 0 0 0 0
01371 0000000864 0 0 0 0 0
01372 0000065006 0 0 0 0 0
01373 0000002685 0 0 0 0 0
01374 0000059116 0 0 0 0 0
01375 0000006746 0 0 0 0 0
01376 0000002029 0 0 0 0 0
01377 0000065048 0 0 0 0 0
01378 0000001107 0 0 0 0 0
01379 0000011969 0 0 0 0 0
01380 0000002489 0 0 0 0 0
01381 0000001544 0 0 0 0 0
01382 0000002716 0 0 0 0 0
01383 0000057604 0 0 0 0 0
01384 0000003300 0 0 0 0 0
01385 0000000279 0 0 0 0 0
01386 0000060480 0 0 0 0 0
01387 0000002877 0 0 0 0 0
01388 0000000176 0 0 0 0 0
01389 0000001897 0 0 0 0 0
01390 0000062158 0 0 0 0 0
01391 0000065498 0 0 0 0 0
01392 0000012080 0 0 0 0 0
01393 0000063521 0 0 0 0 0
01394 0000004211 0 0 0 0 0
01395 0000058133 0 0 0 0 0
01396 0000011357 0 0 0 0 0
01397 0000011134 0 0 0 0 0
01398 0000011046 0 0 0 0 0
01399 0000002427 0 0 0 0 0
01400 0000000226 0 0 0 0 0
01401 0000065398 0 0 0 0 0
01402 0000000697 0 0 0 0 0
01403 0000006900 0 0 0 0 0
01404 0000059405 0 0 0 0 0
01405 0000001570 0 0 0 0 0
01406 0000006324 0 0 0 0 0
01407 0000002492 0 0 0 0 0
01408 0000064691 0 0 0 0 0
01409 0000062210 0 0 0 0 0
01410 0000059627 0 0 0 0 0
01411 0000060698 0 0 0 0 0
01412 0000055448 0 0 0 0 0
01413 0000002748 0 0 0 0 0
01414 0000063393 0 0 0 0 0
01415 0000004325 0 0 0 0 0
01416 0000064659 0 0 0 0 0
01417 0000006971 0 0 0 0 0
01418 0000052372 0 0 0 0 0
01419 0000062915 0 0 0 0 0
01420 0000063182 0 0 0 0 0
01421 0000062504 0 0 0 0 0
01422 0000001686 0 0 0 0 0
01423 0000002081 0 0 0 0 0
01424 0000062105 0 0 0 0 0
01425 0000057110 0 0 0 0 0
01426 0000005043 0 0 0 0 0
01427 0000000644 0 0 0 0 0
01428 0000000639 0 0 0 0 0
01429 0000004266 0 0 0 0 0
01430 0000063991 0 0 0 0 0
01431 0000059214 0 0 0 0 0
01432 0000065003 0 0 0 0 0
01433 0000062903 0 0 0 0 0
01434 0000063298 0 0 0 0 0
01435 0000002279 0 0 0 0 0
01436 0000065311 0 0 0 0 0
01437 0000001750 0 0 0 0 0
01438 0000004292 0 0 0 0 0
01439 0000005604 0 0 0 0 0
01440 0000010663 0 0 0 0 0
01441 0000000266 0 0 0 0 0
01442 0000060454 0 0 0 0 0
01443 0000007056 0 0 0 0 0
01444 0000000365 0 0 0 0 0
01445 0000008081 0 0 0 0 0
01446 0000004447 0 0 0 0 0
01447 0000005324 0 0 0 0 0
01448 0000007132 0 0 0 0 0
01449 0000006106 0 0 0 0 0
01450 0000004166 0 0 0 0 0
01451 0000065045 0 0 0 0 0
01452 0000065292 0 0 0 0 0
01453 0000065464 0 0 0 0 0
01454 0000001026 0 0 0 0 0
01455 0000002509 0 0 0 0 0
01456 0000007786 0 0 0 0 0
01457 0000002583 0 0 0 0 0
01458 0000000715 0 0 0 0 0
01459 0000001098 0 0 0 0 0
01460 0000062868 0 0 0 0 0
01461 0000056268 0 0 0 0 0
01462 0000064885 0 0 0 0 0
01463 0000061302 0 0 0 0 0
01464 0000060449 0 0 0 0 0
01465 0000058598 0 0 0 0 0
01466 0000002281 0 0 0 0 0
01467 0000005923 0 0 0 0 0
01468 0000059358 0 0 0 0 0
01469 0000063367 0 0 0 0 0
01470 0000064335 0 0 0 0 0
01471 0000003474 0 0 0 0 0
01472 0000058410 0 0 0 0 0
01473 0000063870 0 0 0 0 0
01474 0000063845 0 0 0 0 0
01475 0000064537 0 0 0 0 0
01476 0000006293 0 0 0 0 0
01477 0000002588 0 0 0 0 0
01478 0000065414 0 0 0 0 0
01479 0000060849 0 0 0 0 0
01480 0000059759 0 0 0 0 0
01481 0000061507 0 0 0 0 0
01482 0000002582 0 0 0 0 0
01483 0000064336 0 0 0 0 0
01484 0000017782 0 0 0 0 0
01485 0000004823 0 0 0 0 0
01486 0000053850 0 0 0 0 0
01487 0000063651 0 0 0 0 0
01488 0000006428 0 0 0 0 0
01489 0000002648 0 0 0 0 0
01490 0000062514 0 0 0 0 0
01491 0000064143 0 0 0 0 0
01492 0000062484 0 0 0 0 0
01493 0000064906 0 0 0 0 0
01494 0000001090 0 0 0 0 0
01495 0000063812 0 0 0 0 0
01496 0000064849 0 0 0 0 0
01497 0000063015 0 0 0 0 0
01498 0000058875 0 0 0 0 0
01499 0000005307 0 0 0 0 0
01500 0000062030 0 0 0 0 0
01501 0000061904 0 0 0 0 0
01502 0000053520 0 0 0 0 0
01503 0000004199 0 0 0 0 0
01504 0000002042 0 0 0 0 0
01505 0000064959 0 0 0 0 0
01506 0000064302 0 0 0 0 0
01507 0000005619 0 0 0 0 0
01508 0000000796 0 0 0 0 0
01509 0000005809 0 0 0 0 0
01510 0000002937 0 0 0 0 0
01511 0000062570 0 0 0 0 0
01512 0000006970 0 0 0 0 0
01513 0000012569 0 0 0 0 0
01514 0000000131 0 0 0 0 0
01515 0000002834 0 0 0 0 0
01516 0000013141 0 0 0 0 0
01517 0000055574 0 0 0 0 0
01518 0000062407 0 0 0 0 0
01519 0000062829 0 0 0 0 0
01520 0000003693 0 0 0 0 0
01521 0000062979 0 0 0 0 0
01522 0000008756 0 0 0 0 0
01523 0000001699 0 0 0 0 0
01524 0000062153 0 0 0 0 0
01525 0000000536 0 0 0 0 0
01526 0000064855 0 0 0 0 0
01527 0000000714 0 0 0 0 0
01528 0000004634 0 0 0 0 0
01529 0000062416 0 0 0 0 0
01530 0000003450 0 0 0 0 0
01531 0000001227 0 0 0 0 0
01532 0000058458 0 0 0 0 0
01533 0000064998 0 0 0 0 0
01534 0000002322 0 0 0 0 0
01535 0000003284 0 0 0 0 0
01536 0000063777 0 0 0 0 0
01537 0000060171 0 0 0 0 0
01538 0000004345 0 0 0 0 0
01539 0000002158 0 0 0 0 0
01540 0000000541 0 0 0 0 0
01541 0000000163 0 0 0 0 0
01542 0000015227 0 0 0 0 0
01543 0000003307 0 0 0 0 0
01544 0000065214 0 0 0 0 0
01545 0000058312 0 0 0 0 0
01546 0000000542 0 0 0 0 0
01547 0000063154 0 0 0 0 0
01548 0000063382 0 0 0 0 0
01549 0000063561 0 0 0 0 0
01550 0000008812 0 0 0 0 0
01551 0000002675 0 0 0 0 0
01552 0000001034 0 0 0 0 0
01553 0000000947 0 0 0 0 0
01554 0000006108 0 0 0 0 0
01555 0000064676 0 0 0 0 0
01556 0000005148 0 0 0 0 0
01557 0000061809 0 0 0 0 0
01558 0000008128 0 0 0 0 0
01559 0000009486 0 0 0 0 0
01560 0000065154 0 0 0 0 0
01561 0000065304 0 0 0 0 0
01562 0000000045 0 0 0 0 0
01563 0000065402 0 0 0 0 0
01564 0000063902 0 0 0 0 0
01565 0000011004 0 0 0 0 0
01566 0000003649 0 0 0 0 0
01567 0000000129 0 0 0 0 0
01568 0000001092 0 0 0 0 0
01569 0000053241 0 0 0 0 0
01570 0000058234 0 0 0 0 0
01571 0000001983 0 0 0 0 0
01572 0000064923 0 0 0 0 0
01573 0000010592 0 0 0 0 0
01574 0000059573 0 0 0 0 0
01575 0000065271 0 0 0 0 0
01576 0000005952 0 0 0 0 0
01577 0000003584 0 0 0 0 0
01578 0000000020 0 0 0 0 0
01579 0000009639 0 0 0 0 0
01580 0000061424 0 0 0 0 0
01581 0000060570 0 0 0 0 0
01582 0000003532 0 0 0 0 0
01583 0000004185 0 0 0 0 0
01584 0000055245 0 0 0 0 0
01585 0000062388 0 0 0 0 0
01586 0000002809 0 0 0 0 0
01587 0000000220 0 0 0 0 0
01588 0000064219 0 0 0 0 0
01589 0000062271 0 0 0 0 0
01590 0000055211 0 0 0 0 0
01591 0000001333 0 0 0 0 0
01592 0000055726 0 0 0 0 0
01593 0000000510 0 0 0 0 0
01594 0000056270 0 0 0 0 0
01595 0000059703 0 0 0 0 0
01596 0000001912 0 0 0 0 0
01597 0000059638 0 0 0 0 0
01598 0000001802 0 0 0 0 0
01599 0000064275 0 0 0 0 0
01600 0000063954 0 0 0 0 0
01601 0000007209 0 0 0 0 0
01602 0000004578 0 0 0 0 0
01603 0000061543 0 0 0 0 0
01604 0000064248 0 0 0 0 0
01605 0000062488 0 0 0 0 0
01606 0000004276 0 0 0 0 0
01607 0000009061 0 0 0 0 0
01608 0000063817 0 0 0 0 0
01609 0000001967 0 0 0 0 0
01610 0000000917 0 0 0 0 0
01611 0000001390 0 0 0 0 0
01612 0000005042 0 0 0 0 0
01613 0000002983 0 0 0 0 0
01614 0000058695 0 0 0 0 0
01615 0000059410 0 0 0 0 0
01616 0000004550 0 0 0 0 0
01617 0000001276 0 0 0 0 0
01618 0000013166 0 0 0 0 0
01619 0000002105 0 0 0 0 0
01620 0000063220 0 0 0 0 0
01621 0000006594 0 0 0 0 0
01622 0000060475 0 0 0 0 0
01623 0000061112 0 0 0 0 0
01624 0000063364 0 0 0 0 0
01625 0000001916 0 0 0 0 0
01626 0000007199 0 0 0 0 0
01627 0000006916 0 0 0 0 0
01628 0000064164 0 0 0 0 0
01629 0000056508 0 0 0 0 0
01630 0000055482 0 0 0 0 0
01631 0000061972 0 0 0 0 0
01632 0000058229 0 0 0 0 0
01633 0000054512 0 0 0 0 0
01634 0000062796 0 0 0 0 0
01635 0000059360 0 0 0 0 0
01636 0000047342 0 0 0 0 0
01637 0000060211 0 0 0 0 0
01638 0000060653 0 0 0 0 0
01639 0000003302 0 0 0 0 0
01640 0000002729 0 0 0 0 0
01641 0000001322 0 0 0 0 0
01642 0000055592 0 0 0 0 0
01643 0000061094 0 0 0 0 0
01644 0000065149 0 0 0 0 0
01645 0000004145 0 0 0 0 0
01646 0000060784 0 0 0 0 0
01647 0000000523 0 0 0 0 0
01648 0000063591 0 0 0 0 0
01649 0000007050 0 0 0 0 0
01650 0000005163 0 0 0 0 0
01651 0000060895 0 0 0 0 0
01652 0000006446 0 0 0 0 0
01653 0000002130 0 0 0 0 0
01654 0000061350 0 0 0 0 0
01655 0000003296 0 0 0 0 0
01656 0000001459 0 0 0 0 0
01657 0000004528 0 0 0 0 0
01658 0000061226 0 0 0 0 0
01659 0000063104 0 0 0 0 0
01660 0000002413 0 0 0 0 0
01661 0000060783 0 0 0 0 0
01662 0000001621 0 0 0 0 0
01663 0000063477 0 0 0 0 0
01664 0000000804 0 0 0 0 0
01665 0000056204 0 0 0 0 0
01666 0000063156 0 0 0 0 0
01667 0000001442 0 0 0 0 0
01668 0000059322 0 0 0 0 0
01669 0000062146 0 0 0 0 0
01670 0000008908 0 0 0 0 0
01671 0000065403 0 0 0 0 0
01672 0000005594 0 0 0 0 0
01673 0000006183 0 0 0 0 0
01674 0000059425 0 0 0 0 0
01675 0000001142 0 0 0 0 0
01676 0000007041 0 0 0 0 0
01677 0000055434 0 0 0 0 0
01678 0000003766 0 0 0 0 0
01679 0000001181 0 0 0 0 0
01680 0000059109 0 0 0 0 0
01681 0000063043 0 0 0 0 0
01682 0000065089 0 0 0 0 0
01683 0000057152 0 0 0 0 0
01684 0000000908 0 0 0 0 0
01685 0000011730 0 0 0 0 0
01686 0000062004 0 0 0 0 0
01687 0000000553 0 0 0 0 0
01688 0000001718 0 0 0 0 0
01689 0000006401 0 0 0 0 0
01690 0000003971 0 0 0 0 0
01691 0000062368 0 0 0 0 0
01692 0000057175 0 0 0 0 0
01693 0000054568 0 0 0 0 0
01694 0000001628 0 0 0 0 0
01695 0000006891 0 0 0 0 0
01696 0000062761 0 0 0 0 0
01697 0000002455 0 0 0 0 0
01698 0000062674 0 0 0 0 0
01699 0000007553 0 0 0 0 0
01700 0000057218 0 0 0 0 0
01701 0000064500 0 0 0 0 0
01702 0000064929 0 0 0 0 0
01703 0000058802 0 0 0 0 0
01704 0000064935 0 0 0 0 0
01705 0000001202 0 0 0 0 0
01706 0000060429 0 0 0 0 0
01707 0000006040 0 0 0 0 0
01708 0000061315 0 0 0 0 0
01709 0000059646 0 0 0 0 0
01710 0000005312 0 0 0 0 0
01711 0000012173 0 0 0 0 0
01712 0000001906 0 0 0 0 0
01713 0000017798 0 0 0 0 0
01714 0000060264 0 0 0 0 0
01715 0000063716 0 0 0 0 0
01716 0000003986 0 0 0 0 0
01717 0000063258 0 0 0 0 0
01718 0000061660 0 0 0 0 0
01719 0000062072 0 0 0 0 0
01720 0000063384 0 0 0 0 0
01721 0000059694 0 0 0 0 0
01722 0000063094 0 0 0 0 0
01723 0000065027 0 0 0 0 0
01724 0000062220 0 0 0 0 0
01725 0000062897 0 0 0 0 0
01726 0000005520 0 0 0 0 0
01727 0000001954 0 0 0 0 0
01728 0000052959 0 0 0 0 0
01729 0000016364 0 0 0 0 0
01730 0000005586 0 0 0 0 0
01731 0000005638 0 0 0 0 0
01732 0000000155 0 0 0 0 0
01733 0000064074 0 0 0 0 0
01734 0000006556 0 0 0 0 0
01735 0000064464 0 0 0 0 0
01736 0000062810 0 0 0 0 0
01737 0000059635 0 0 0 0 0
01738 0000001620 0 0 0 0 0
01739 0000011065 0 0 0 0 0
01740 0000002035 0 0 0 0 0
01741 0000005829 0 0 0 0 0
01742 0000003089 0 0 0 0 0
01743 0000000191 0 0 0 0 0
01744 0000063491 0 0 0 0 0
01745 0000001032 0 0 0 0 0
01746 0000001465 0 0 0 0 0
01747 0000002848 0 0 0 0 0
01748 0000001798 0 0 0 0 0
01749 0000058976 0 0 0 0 0
01750 0000062444 0 0 0 0 0
01751 0000062235 0 0 0 0 0
01752 0000064887 0 0 0 0 0
01753 0000063433 0 0 0 0 0
01754 0000005708 0 0 0 0 0
01755 0000064950 0 0 0 0 0
01756 0000056278 0 0 0 0 0
01757 0000065313 0 0 0 0 0
01758 0000060980 0 0 0 0 0
01759 0000059585 0 0 0 0 0
01760 0000000460 0 0 0 0 0
01761 0000062680 0 0 0 0 0
01762 0000061927 0 0 0 0 0
01763 0000055834 0 0 0 0 0
01764 0000061217 0 0 0 0 0
01765 0000063879 0 0 0 0 0
01766 0000003673 0 0 0 0 0
01767 0000001715 0 0 0 0 0
01768 0000011641 0 0 0 0 0
01769 0000060867 0 0 0 0 0
01770 0000006815 0 0 0 0 0
01771 0000063306 0 0 0 0 0
01772 0000064314 0 0 0 0 0
01773 0000001596 0 0 0 0 0
01774 0000008645 0 0 0 0 0
01775 0000003736 0 0 0 0 0
01776 0000007899 0 0 0 0 0
01777 0000000151 0 0 0 0 0
01778 0000057403 0 0 0 0 0
01779 0000058693 0 0 0 0 0
01780 0000005460 0 0 0 0 0
01781 0000003883 0 0 0 0 0
01782 0000063202 0 0 0 0 0
01783 0000063616 0 0 0 0 0
01784 0000008007 0 0 0 0 0
01785 0000060809 0 0 0 0 0
01786 0000000848 0 0 0 0 0
01787 0000002955 0 0 0 0 0
01788 0000005907 0 0 0 0 0
01789 0000000173 0 0 0 0 0
01790 0000062316 0 0 0 0 0
01791 0000002804 0 0 0 0 0
01792 0000064376 0 0 0 0 0
01793 0000004818 0 0 0 0 0
01794 0000063273 0 0 0 0 0
01795 0000006188 0 0 0 0 0
01796 0000004332 0 0 0 0 0
01797 0000064509 0 0 0 0 0
01798 0000006249 0 0 0 0 0
01799 0000006169 0 0 0 0 0
01800 0000002133 0 0 0 0 0
01801 0000001578 0 0 0 0 0
01802 0000063258 0 0 0 0 0
01803 0000000390 0 0 0 0 0
01804 0000005150 0 0 0 0 0
01805 0000002495 0 0 0 0 0
01806 0000061828 0 0 0 0 0
01807 0000001946 0 0 0 0 0
01808 0000063631 0 0 0 0 0
01809 0000058069 0 0 0 0 0
01810 0000065404 0 0 0 0 0
01811 0000000603 0 0 0 0 0
01812 0000061824 0 0 0 0 0
01813 0000001829 0 0 0 0 0
01814 0000005952 0 0 0 0 0
01815 0000063907 0 0 0 0 0
01816 0000063854 0 0 0 0 0
01817 0000060198 0 0 0 0 0
01818 0000004129 0 0 0 0 0
01819 0000006055 0 0 0 0 0
01820 0000057385 0 0 0 0 0
01821 0000007575 0 0 0 0 0
01822 0000002746 0 0 0 0 0
01823 0000056394 0 0 0 0 0
01824 0000061068 0 0 0 0 0
01825 0000004821 0 0 0 0 0
01826 0000061335 0 0 0 0 0
01827 0000058915 0 0 0 0 0
01828 0000006613 0 0 0 0 0
01829 0000059083 0 0 0 0 0
01830 0000060208 0 0 0 0 0
01831 0000000289 0 0 0 0 0
01832 0000054098 0 0 0 0 0
01833 0000002552 0 0 0 0 0
01834 0000001815 0 0 0 0 0
01835 0000052371 0 0 0 0 0
01836 0000001209 0 0 0 0 0
01837 0000061729 0 0 0 0 0
01838 0000004002 0 0 0 0 0
01839 0000002453 0 0 0 0 0
01840 0000065198 0 0 0 0 0
01841 0000000408 0 0 0 0 0
01842 0000063987 0 0 0 0 0
01843 0000061747 0 0 0 0 0
01844 0000006326 0 0 0 0 0
01845 0000060243 0 0 0 0 0
01846 0000062479 0 0 0 0 0
01847 0000059770 0 0 0 0 0
01848 0000001577 0 0 0 0 0
01849 0000001657 0 0 0 0 0
01850 0000010078 0 0 0 0 0
01851 0000002722 0 0 0 0 0
01852 0000005514 0 0 0 0 0
01853 0000014537 0 0 0 0 0
01854 0000004962 0 0 0 0 0
01855 0000062321 0 0 0 0 0
01856 0000003962 0 0 0 0 0
01857 0000061681 0 0 0 0 0
01858 0000062736 0 0 0 0 0
01859 0000064443 0 0 0 0 0
01860 0000001460 0 0 0 0 0
01861 0000008447 0 0 0 0 0
01862 0000062340 0 0 0 0 0
01863 0000057921 0 0 0 0 0
01864 0000063212 0 0 0 0 0
01865 0000004022 0 0 0 0 0
01866 0000065286 0 0 0 0 0
01867 0000006287 0 0 0 0 0
01868 0000004948 0 0 0 0 0
01869 0000001870 0 0 0 0 0
01870 0000008833 0 0 0 0 0
01871 0000064957 0 0 0 0 0
01872 0000062579 0 0 0 0 0
01873 0000062923 0 0 0 0 0
01874 0000002847 0 0 0 0 0
01875 0000002396 0 0 0 0 0
01876 0000064741 0 0 0 0 0
01877 0000000778 0 0 0 0 0
01878 0000002104 0 0 0 0 0
01879 0000001064 0 0 0 0 0
01880 0000015402 0 0 0 0 0
01881 0000005821 0 0 0 0 0
01882 0000061899 0 0 0 0 0
01883 0000062497 0 0 0 0 0
01884 0000002834 0 0 0 0 0
01885 0000058853 0 0 0 0 0
01886 0000062877 0 0 0 0 0
01887 0000058736 0 0 0 0 0
01888 0000062249 0 0 0 0 0
01889 0000001924 0 0 0 0 0
01890 0000003713 0 0 0 0 0
01891 0000055637 0 0 0 0 0
01892 0000001856 0 0 0 0 0
01893 0000064219 0 0 0 0 0
01894 0000008715 0 0 0 0 0
01895 0000005048 0 0 0 0 0
01896 0000010146 0 0 0 0 0
01897 0000064144 0 0 0 0 0
01898 0000002313 0 0 0 0 0
01899 0000062051 0 0 0 0 0
01900 0000059555 0 0 0 0 0
01901 0000002592 0 0 0 0 0
01902 0000003471 0 0 0 0 0
01903 0000001242 0 0 0 0 0
01904 0000006152 0 0 0 0 0
01905 0000007388 0 0 0 0 0
01906 0000062598 0 0 0 0 0
01907 0000001373 0 0 0 0 0
01908 0000005922 0 0 0 0 0
01909 0000006977 0 0 0 0 0
01910 0000056914 0 0 0 0 0
01911 0000006689 0 0 0 0 0
01912 0000013456 0 0 0 0 0
01913 0000007168 0 0 0 0 0
01914 0000061610 0 0 0 0 0
01915 0000058324 0 0 0 0 0
01916 0000058508 0 0 0 0 0
01917 0000061315 0 0 0 0 0
01918 0000059946 0 0 0 0 0
01919 0000001734 0 0 0 0 0
01920 0000063790 0 0 0 0 0
01921 0000057516 0 0 0 0 0
01922 0000064952 0 0 0 0 0
01923 0000006708 0 0 0 0 0
01924 0000003124 0 0 0 0 0
01925 0000058280 0 0 0 0 0
01926 0000000614 0 0 0 0 0
01927 0000001266 0 0 0 0 0
01928 0000002702 0 0 0 0 0
01929 0000056436 0 0 0 0 0
01930 0000061510 0 0 0 0 0
01931 0000062683 0 0 0 0 0
01932 0000003239 0 0 0 0 0
01933 0000057802 0 0 0 0 0
01934 0000061970 0 0 0 0 0
01935 0000061619 0 0 0 0 0
01936 0000058330 0 0 0 0 0
01937 0000065002 0 0 0 0 0
01938 0000001205 0 0 0 0 0
01939 0000057439 0 0 0 0 0
01940 0000062725 0 0 0 0 0
01941 0000064742 0 0 0 0 0
01942 0000056585 0 0 0 0 0
01943 0000002061 0 0 0 0 0
01944 0000064546 0 0 0 0 0
01945 0000063905 0 0 0 0 0
01946 0000000767 0 0 0 0 0
01947 0000063696 0 0 0 0 0
01948 0000061380 0 0 0 0 0
01949 0000002529 0 0 0 0 0
01950 0000008585 0 0 0 0 0
01951 0000062561 0 0 0 0 0
01952 0000003024 0 0 0 0 0
01953 0000060276 0 0 0 0 0
01954 0000002008 0 0 0 0 0
01955 0000004841 0 0 0 0 0
01956 0000003441 0 0 0 0 0
01957 0000063889 0 0 0 0 0
01958 0000008026 0 0 0 0 0
01959 0000004483 0 0 0 0 0
01960 0000012359 0 0 0 0 0
01961 0000010141 0 0 0 0 0
01962 0000059111 0 0 0 0 0
01963 0000064413 0 0 0 0 0
01964 0000059508 0 0 0 0 0
01965 0000059812 0 0 0 0 0
01966 0000003238 0 0 0 0 0
01967 0000006597 0 0 0 0 0
01968 0000058550 0 0 0 0 0
01969 0000063225 0 0 0 0 0
01970 0000054570 0 0 0 0 0
01971 0000003421 0 0 0 0 0
01972 0000010965 0 0 0 0 0
01973 0000008550 0 0 0 0 0
01974 0000000587 0 0 0 0 0
01975 0000005071 0 0 0 0 0
01976 0000000992 0 0 0 0 0
01977 0000055738 0 0 0 0 0
01978 0000001607 0 0 0 0 0
01979 0000058487 0 0 0 0 0
01980 0000060936 0 0 0 0 0
01981 0000063476 0 0 0 0 0
01982 0000059726 0 0 0 0 0
01983 0000003077 0 0 0 0 0
01984 0000062368 0 0 0 0 0
01985 0000060316 0 0 0 0 0
01986 0000000871 0 0 0 0 0
01987 0000061234 0 0 0 0 0
01988 0000007881 0 0 0 0 0
01989 0000065309 0 0 0 0 0
01990 0000005374 0 0 0 0 0
01991 0000004616 0 0 0 0 0
01992 0000003122 0 0 0 0 0
01993 0000065346 0 0 0 0 0
01994 0000000779 0 0 0 0 0
01995 0000064467 0 0 0 0 0
01996 0000000700 0 0 0 0 0
01997 0000008809 0 0 0 0 0
01998 0000011442 0 0 0 0 0
01999 0000057047 0 0 0 0 0
02000 0000002604 0 0 0 0 0
02001 0000004452 0 0 0 0 0
02002 0000063174 0 0 0 0 0
02003 0000002574 0 0 0 0 0
02004 0000003404 0 0 0 0 0
02005 0000064230 0 0 0 0 0
02006 0000061742 0 0 0 0 0
02007 0000010525 0 0 0 0 0
02008 0000003975 0 0 0 0 0
02009 0000062459 0 0 0 0 0
02010 0000005960 0 0 0 0 0
02011 0000062885 0 0 0 0 0
02012 0000009077 0 0 0 0 0
02013 0000064097 0 0 0 0 0
02014 0000062897 0 0 0 0 0
02015 0000005756 0 0 0 0 0
02016 0000006660 0 0 0 0 0
02017 0000007025 0 0 0 0 0
02018 0000010842 0 0 0 0 0
02019 0000063800 0 0 0 0 0
02020 0000001194 0 0 0 0 0
02021 0000063243 0 0 0 0 0
02022 0000065268 0 0 0 0 0
02023 0000009009 0 0 0 0 0
02024 0000061377 0 0 0 0 0
02025 0000000721 0 0 0 0 0
02026 0000064079 0 0 0 0 0
02027 0000057617 0 0 0 0 0
02028 0000064588 0 0 0 0 0
02029 0000001496 0 0 0 0 0
02030 0000057235 0 0 0 0 0
02031 0000002396 0 0 0 0 0
02032 0000062814 0 0 0 0 0
02033 0000003818 0 0 0 0 0
02034 0000062161 0 0 0 0 0
02035 0000006279 0 0 0 0 0
02036 0000006340 0 0 0 0 0
02037 0000003777 0 0 0 0 0
02038 0000008033 0 0 0 0 0
02039 0000064268 0 0 0 0 0
02040 0000065495 0 0 0 0 0
02041 0000060440 0 0 0 0 0
02042 0000063946 0 0 0 0 0
02043 0000001293 0 0 0 0 0
02044 0000001159 0 0 0 0 0
02045 0000004014 0 0 0 0 0
02046 0000061905 0 0 0 0 0
02047 0000065181 0 0 0 0 0
  0 0 0 0 0
