0315812362
0116976916
-097775337
0151574013
0584184298
0003853586
0838726615
0202616588
-350682868
-218368780
0016515100
0154077429
1054670624
-954581992
-187901981
0011436160
0846034016
0524302666
-198306040
0337437736
-552796156
0182439979
-169286382
0368509704
0017951733
-220583447
-335614496
0047846932
-204541673
-382272243
0873069565
-202315328
-1241708540
-132695039
0050007198
-520947975
0268040484
0703584514
-855960840
-434818828
0049742543
-485221893
0554169585
-335743736
-051105594
0904852462
-821235722
0235412983
0284025601
-234226163
-368503879
0252442619
-837556975
-265022220
-032704246
-066581279
0053406433
-672077835
0905190140
-183514860
-452127241
-253233666
-772270031
-080283131
-019861028
0201195809
0032568573
-151784695
-482676436
0300880367
-017570312
-336203781
-151974596
0687928607
-1023875819
-368445209
-301853640
0484774901
0434879750
0117976298
1022083543
-775206858
-297598243
0520812261
0873381570
0790622963
0366680609
-774325759
-017821671
0353899752
-166591263
0064111617
-266349331
-536661017
-201132261
0353244890
0336642546
0521388288
0084740097
-502984761
-634383609
0685108740
-352510216
0066452222
-490401989
0957741787
0402460127
-623770356
0134872062
0726130142
0970651915
0150590886
0387520515
0352194531
0184485068
0639939837
0081392430
0086565821
0519832576
-824181462
-954200314
0066066182
-200869361
0031986173
0368635904
-086825967
-335216161
-403440361
0805960461
0350808813
0550442500
0284626464
0417522933
0216200937
-232657380
0838398673
-1143072988
0552798488
-385345035
0571396092
-722280434
0316415004
0734650389
-500689147
-455273990
0017100791
-403894741
0233245968
-402319633
-420804578
-1023854865
-402641921
-133357826
-418576900
-135917577
0182314289
-706014949
0468775164
-66967294
0589817822
0416861949
-318504412
-805050853
-187233000
-317458645
-268039660
0655091675
0249604142
0287633446
0016180943
0521991939
-81918739
-570686989
-421986574
-1271196872
1239881716
0822272473
-538700822
-217908962
-187426814
0287703555
0033158898
0433847059
0169212126
-303037179
-49148945
0739693314
0386077395
0136101880
0101367554
0000589329
-163966749
0284619000
0432986108
-902808083
-151466445
-386400506
-789506307
-116966899
-605551368
0417599281
0148632810
-338091486
-654100209
-621412360
0199429133
0084875997
-602544374
0856359666
-402782479
-1068700414
0852424445
-184866813
-674623238
0099821337
0149939990
-118612491
0974313490
0051106522
-217842683
-449316877
0637602069
-440476177
0219414809
-067832291
0103012364
-688579591
-050852126
-053865439
0318564386
0072283629
0752214746
-217710368
-082045713
-318430988
-519822621
0333249305
-316020981
0218437851
0183762944
0220195019
0269152268
-620952577
-1022884857
0335881172
-420209644
0333381100
0233317666
-352518131
0435866114
-069007342
0803405084
-1072098832
-687521581
0636624342
-336068327
-137815018
-872811207
-285668867
-167048209
0080942879
-135195642
-231809772
-068159745
0218951939
-654514411
-370538726
-286854338
-704958167
0097120543
-100210905
1174463966
0602337566
-638583792
0601879523
0449780761
-217378841
0249045526
0334749923
-98037238
-185466142
-1277808651
-35061442
0169355510
0552933355
0100322040
-772006637
0032705794
-505354470
0134753801
-384564768
0132912391
0503113944
-601874944
-721416429
-218290733
0439673574
-252053763
0436264223
-537198863
0268757545
0067158543
-183237880
0233435145
-49020399
-118103051
-334045644
0337954578
-304088027
0219731445
0719976937
0016125235
0687797970
0271185362
-31926296
0118689262
-215559961
-202170606
0134353888
-635299630
0469688586
0921754909
0018935533
0484960481
0372293882
0117772776
0724236790
0018470333
0017953043
-336592626
-101129227
0333453337
-101659107
0185925662
0033547759
0147916320
-53337873
-114031860
-203742240
-753326845
0165676280
0688848619
-402850052
0251383052
0336532485
0066641139
0854069962
-201330616
-352195861
-267646955
-988146682
-32831781
-303693229
-385423143
-49081340
-502794962
-105240072
-432927722
0772543177
-268641584
0635827493
0585490219
0150859275
0267830511
-103865291
0401932777
0151069966
0821427924
0369553092
-50923245
-319278361
0367198705
0049948935
0033678585
-573376488
-453310696
0049811498
-672930551
-972932031
0519039493
-319751391
-33889294
-17683672
0365880820
1206520074
0315939332
-586991382
-838330913
0753870072
0134998037
-135268391
-972483046
-501740520
0403503588
-118674456
0152490232
-149810447
-000072200
-923389684
0452661260
-420803335
-184355342
-49533696
-16397782
-638312983
-136570329
0117503263
0185069763
0201324818
0001897964
-655415830
-557241031
0667358967
-286120464
-237232612
-470357493
0303233552
-385610730
0473295074
-285736252
0016257571
0299431683
0065069597
-183041789
0217522629
0572844031
-737670419
-85262600
0792261602
0586806475
-521274320
0320727796
-654046996
0165539335
-84469726
0565838874
-372104931
0502853105
0370931447
0200283360
0052950242
-35513613
-169666333
-253756091
-15918349
-634985234
0200610539
0118356741
-624678637
-302823184
-101845497
-134862072
0285081041
-168422896
0469497078
0016449550
-1239465485
-671404605
0451278605
0166593294
-420798442
0401807582
0754573559
0234809075
-1093724637
0300815366
-604568281
-050468607
-000723138
0032960757
0046925854
0435293206
0149946352
0152239597
0048684081
0236121815
0987815451
0653783286
-268175637
-356900615
-435867074
0016712201
0064279298
-383324889
0202769372
-369560058
0219757037
-084408347
0686361324
0167507183
-708054782
-099678675
-837401831
0434898122
-386074609
0502919409
-570371014
-065393690
-151215836
0822877194
0235122682
0115997695
-200741626
0132904489
0150070558
-016643096
0398530305
-438694628
-253013547
0450303265
-236906781
0114892829
-100079351
0251790047
-340452072
-200800530
0117902110
0383458060
0184667902
-621811433
-52618694
0485298410
0200732936
0572067525
0635692790
0231990803
0138072585
-789836028
0722876882
0101177586
0064087058
-587592188
0539235323
0267126761
-485897704
1074332921
-774704398
0135265820
0584445488
0402777575
0068279083
-371783677
-317845497
0169660894
-469367296
-85650637
-619375875
0553645308
-470479656
0270074618
0219216841
-1141505997
-234216199
0504687377
-335681573
0154659838
0136444141
-722989581
-703592660
0151191769
0402841379
-605619968
-216785373
-233962002
-51113493
-32171540
0717891548
-1138749986
0268042508
0770368504
-519828209
0217849061
-336602611
-167300872
-334827267
0756867860
-1189547793
0522048772
0468318721
0302451675
-771821559
0168953100
0220589551
-421397528
-335408631
1040316964
0770043365
-589817109
-84005384
-319352855
-14875135
-354609941
0320021018
0822266548
-386002724
-686613504
0237117670
-758974203
0773319456
-872215780
-285675019
-250158837
-66909681
0034017749
-539617516
0786701096
0080407276
-251398113
0435485735
-19526905
-419298059
-318691865
0385080585
0955582747
0303163084
-339278605
1245377288
-552866343
0600185068
-588972793
1107814695
-136382712
-823514868
0486216699
-373558008
0068889117
0886223878
-741211115
0339619330
-435427896
0269886978
-473030444
-301724425
0146484504
-37413099
-45553414
-422129906
1159140600
-720302085
0132894474
0235738579
-49812720
0452468721
-254881250
0371203305
-66850293
-454883297
-368691499
0472836287
0485294082
-16708883
-18477072
-702736646
0504298465
-302458341
0772795366
0435678742
-319162356
-569121297
-221379790
-599777272
-491784416
-33485544
0083683580
0590143264
0937038782
-318971660
0284694022
0284029189
-84675089
0652736794
0285138676
1408227592
0402902807
0773575151
0168554462
-169151732
-271326687
-51696336
-83167245
-316942061
0486143989
-301990119
-218631183
0070515201
-436409867
-302298860
0049213409
-283108635
0149886225
0218750999
0364121573
0219222525
-150537199
0686684329
0018278183
0166065632
0305916402
-251460111
0050917862
-501537046
0149160733
-553592280
-83223841
-50989540
0571401486
-316092956
0268504313
0336072937
-973341416
0151775995
-184819958
0786091299
-367260131
0379587599
0516284755
-333187366
0064757997
0153937956
-150402857
-114822445
0251001088
0821742336
-164561688
-84993789
0687921134
0670044392
0516418321
0203354129
-569508136
0403247565
0554045674
-48898850
-152827854
-520556539
0033431783
0133966852
-553187109
0218236924
-538637568
-198896877
-369571584
0035130098
0674292475
-118433812
0488897048
0018153940
0974715848
0064099272
0335076893
-83290145
-354675448
-503443207
0305142015
-905376819
-319358951
-50128680
0571726838
-401534448
0014945291
1023793876
0182063358
0234887414
-838334720
0569507053
0923257862
-418452218
0149875708
-218101996
-517539090
-334414368
-417794801
0452137139
0287183123
0688122789
-272885512
-32434165
0265287661
0440256284
-204064739
0250736083
0704702200
0099096066
-438373856
-51956756
0348903272
-603976709
0301008355
-805299947
-788985849
-517785863
0286007034
0601094343
1242489075
-1341063692
0400611637
-168760825
-350476035
0586158061
0-1689857
-705035813
0402198295
0049850913
-302711774
-117108738
-335866857
0353048553
-555157520
-652728845
-17630715
-468508421
-354412292
0488758062
-585498665
0922927868
-305656042
-202829776
0385010221
0065859834
0504098598
0837871830
-137363174
1258949835
-621473813
0604442621
-52102912
0269948624
0354146271
-502591992
0169020867
-571927791
0452922840
-909750011
0656400889
-47257101
-367856129
-301469194
-451939550
0085520620
-50460416
0031535901
-973860382
0621601529
0301993201
0184029173
-705621509
-32560684
0149165085
0468971243
0268753677
0800190476
0114818098
-419430135
0234111473
-371388738
0132320059
-537263053
-84077388
-520134130
0807735721
0001252587
-504960753
0553848075
0720630526
-46798653
0405530842
0589102769
0267510783
-567926561
-368249079
-183567879
-184484351
0017834230
-218370313
-451722008
-420018447
-402255112
0066918624
-604561906
0020181776
-65939254
0369096731
0637450768
-249819682
0754042623
-603123436
-640798439
0336528357
0066717668
-822928618
0771629293
0099352306
-236318953
0434489352
-353237728
0655955712
-204404757
0015725831
-33485562
-367978761
-164632871
-471323382
-772791830
0086108461
-738582016
0130947819
0084341014
-115927265
0065722826
0016903718
-14022936
-938074667
0000452616
-69793754
-703325960
0538639859
0804575197
0807528421
0049348040
0085652510
-152439828
0098441246
0034283232
-585371686
0454500601
-202116567
-154075406
0216799482
-333906168
0066653966
-184028421
0101385192
-235534588
0587001603
-269808124
0168097756
0555609852
0150926877
-368898873
-402794993
0384573998
-468913927
-404684535
0433334803
0469168617
0804051227
0689043186
-757468168
-353102836
-204129509
0601816572
-669445392
-102228211
-167961116
-282140951
0640612613
-355081230
0384889639
-68352527
-450619641
0080869132
0602664493
0066971877
0704710918
0117040893
-689125091
-169801945
0169089568
-201846795
-590483437
0505738014
-184357400
-302643952
0052162050
-150791936
-135469553
0304745959
-725746211
0318124837
0081715494
0182503703
0149430280
-149548256
0151321296
0136631021
-365946427
0401534223
0483971881
-19603417
0033360434
0135912421
0286385930
0487584741
-86448112
0137629427
0065019082
0015604211
1006691831
0264559350
0235872777
0183560708
0583982622
-287954403
0787341026
0232071451
-403958281
-365942533
0152173754
0587195111
0136707071
-569772344
-418768857
-285085733
-67105479
0084080614
0471467242
-1141838852
0218705678
-839782381
-704037635
-485418511
-235079163
0843183625
0348047583
0133105441
-250809335
0231866627
0217314847
0203218443
0266657558
-218039305
-115933188
-737793304
-203612923
-32311041
0585505004
0472838385
0352119271
0537454052
-17106697
0014810906
-771222308
-386330343
-455532526
-502324209
0221437152
-167896852
-68681208
0387518453
0303549410
-150073639
-349181974
0438168085
0330435827
-15271166
0232578331
-1038086405
-403232000
-16977919
-150458072
-205466068
0217839370
0118817778
0299360005
-673638616
0469960234
0553048538
-87290875
0318703891
-202309318
-923072302
0069284831
0116529638
0066581277
-234618390
0655163611
-67698955
0304087551
0921680357
-708116165
0471147474
-31981305
0167116506
-120265201
0085213412
-67113993
-184746484
0318631431
0622454795
1156294133
-286137852
-100392676
-335032320
-772207339
0454294053
-369494055
-115213028
0316344296
0771548675
0052360155
0285543151
0217831670
0100659996
0119335658
-640080652
0504631284
0301463545
-686758403
0251078664
-319492866
0369752311
-301002508
-100533999
-502266397
0804711172
-184675856
-199300339
-167384581
-823719641
-471131363
-150600428
-19392777
-255922360
0686696967
-436604660
1008264164
0134349289
0084668167
0132834546
0035517712
-65408037
-401619689
0099298271
-401930208
-756216071
0941758198
0029208872
0168634901
0533903608
-604882957
0368246034
0052231199
0116907989
0014745885
0069203712
0119488212
0133292761
-253701601
0673056233
-166198026
-621144559
0284099819
0201770257
-588515033
-16964098
-218301700
-135270113
0204072965
-49997859
0487330783
-1091166496
-618199816
0267972354
-387581905
0468580134
0940704202
-185212941
0415238151
0165029937
-704902390
-451876887
0066661386
0656278279
0014203118
0116850704
-13434121
-689629193
0552796415
-199947758
0622849448
-252314119
-754910692
0422576876
-320084476
-686614773
0116924147
-639830031
0372971029
-169479911
-452473611
0286589952
0486930438
-202636053
0218694394
0789180662
-49873698
0217584861
0113965333
-908980700
0116728091
0134874357
-337309456
0103354102
-954533645
-438099208
-589159624
-149543206
-403444485
-200337405
0504553474
1106234383
-703859466
-332139782
0853733901
0771682543
-355608562
-452776440
0620827654
-707068925
0888930045
-1010826722
0068495370
-437584658
0183180590
0355197166
0402194903
-421852668
0253168370
1174529014
0000716518
0671221161
0084663572
1061680088
-1225459751
-667346706
-270462211
0065012275
-117049865
0935068225
-538640370
1323754243
-469184526
0170336005
-402187570
0131338231
-872938454
0449832733
0235406617
0385487072
-485684280
0201656841
0001046516
1140641786
0335998959
-134094086
0702546698
0254340325
-569977329
0135658199
0318568241
0200858877
-53017318
0320608196
0267978485
0250405131
-49210647
0133819887
0384893172
0002293007
-46734392
0335015152
-201126668
0370404863
-149354518
-320274963
0386143218
0266723588
0369033986
0067293709
0421652735
-84539658
0033159413
0604172008
-404621012
-153479402
-182511367
-134023177
0301206002
-367523603
0687462911
0001567228
-805497605
0082064886
-288491232
00-323311
0149094646
0318696952
0216069991
0151052490
-169856515
-132703236
0019709710
-69002523
-874504427
-168564707
-551150563
-132781819
0384763355
0620167936
-739707912
0271449082
0220007886
0521934828
0182898657
0485946876
0103282184
0186299625
0302702584
0134287096
0387366168
-52103181
-337639389
0118292749
-35059993
0165875239
-502651419
-551610166
0150731021
-367913761
-66060556
-552480203
-65405466
-351986166
0018671612
-134934300
0101390806
0034337531
0150009884
0923120625
0282717981
0335272975
0802752514
0451811039
-166066950
-83567380
-63180039
00-468487
-536402935
-485618457
0267323664
-621927910
0016778728
-687274496
-432735246
-149681951
-538048737
0032057866
-250944280
0133765406
0386003686
-385552380
0302583030
0013169649
-149871590
-405528586
-787083504
0201333227
-651887631
-585164577
-589485315
-183625955
0252114668
0420800203
-551618563
0281948928
-653393136
0938602223
0554231022
-422314227
-721935616
-705545407
0522253000
0148968186
0335146206
-283901672
-201254949
0639374069
-841680666
0437656048
-183698426
-367005448
-769967392
-218566916
0018352629
-352908826
-673179612
0671282964
-318117634
-34537740
-304082139
-269024478
-703529479
0640612352
-19339024
0386927370
-386272538
0418712558
-219542236
-267446782
0384557304
0-1583582
-518448618
-339542515
-416731385
-420929311
0217583332
-687862240
0654838011
0014735621
-133822996
-552597714
0499184109
0234486068
0083755799
-67898925
-131662569
-187364384
-384561377
0185268972
-315555581
0065080003
-268036586
-755101709
0905251053
0485878550
0151053044
0166453530
-372249582
0455027718
0284737549
0066656532
0101493230
0031784445
-80798960
-971440909
-549644836
0254147788
-355130375
0655953405
0117176010
-434571761
0621607392
0368041433
-285667550
-519228702
-151775752
-66387208
-502391094
0217909255
-486602734
-955045892
0957270505
-84670956
0319681769
-336979470
0822995191
0014346029
-218681918
-200538350
-889119761
-735103991
-303304738
-334750943
0049092329
-97447952
0568453332
0168296982
-670302757
0250347783
0571408908
-83437122
0471333384
-236790013
1022812195
0132906547
-386600486
-301533430
0334048279
0183371021
-70391307
1291321877
-32962342
0180617712
0249690157
-415176976
0-1439477
0470222050
-785056537
0303623664
0284689635
-573768938
-219071688
0331673074
-200207606
-80286762
-720297716
0369940473
-350548761
0318429942
0086374126
-390256347
-116789524
0166594598
-234957544
-48046825
-84018705
-387901672
0317131321
0884853527
-351088875
0034871276
-418111763
0-1777161
0701230406
-773968875
0101315314
-588771072
-300990963
-247147044
0183826673
0534574609
-569246696
-471726837
-82831601
0002097113
-268503560
-168153869
0000655851
0115667715
-571076819
-68482549
-34402826
-32517592
0137434588
-102704166
0269750294
-82771221
-556997083
-620884964
-217758478
-153483492
-268697862
0065606675
0770240244
-353292545
-619378216
0017629955
-204268022
0284609578
0082248205
-150019787
-65535034
-673181154
0875037161
-470353679
-520029692
-148692481
0422171102
0167183850
-268502261
-116056899
-352051720
0215945945
0219932711
0521802984
-305217788
0001973251
0067878392
0133362731
0638457600
0452316895
-235467547
0303891692
-17424664
-957087970
0640282586
-907018224
-67102433
-775676949
-32486656
0252700397
-368501484
-66260784
-455796484
-35920080
0103681324
-472314380
0049143312
-249160709
0032903138
0217450776
0333825513
0317325598
0166654994
-204020167
0014876692
0502857228
0132904212
0034609596
0417455149
-135005913
0048490982
-100130260
-469308157
-31655455
-725466340
-100923431
0100341044
0520677071
-67490047
0402830334
-735829515
0083028968
-620611067
0465896435
-539417810
0066456602
-351665174
-1259268099
0084684036
0116522481
0318702365
-67044387
0118679786
-1275579635
-218424577
0149620506
0185468619
-807340503
0369952759
-521531605
-187033326
-63826967
-150077506
-872153840
0105650159
0015592429
-67690235
0186039285
0067237176
0518575101
0118623214
-67503371
0335404035
0921498887
-388301283
-133169408
-354808065
1043330808
-150536472
0233825779
-538054905
0416936508
0789116705
0084918524
0555217872
-587803901
0270139670
0420338942
-623183608
-418947844
-132649748
-351724817
0167817216
-252899535
0470681104
0065136388
-115076141
-33300241
0320216558
-822602255
-34919162
-352913670
0737935352
0234814999
-506267660
0386922251
0304748485
1007937522
0385270516
0336455147
0538695369
-336259816
-821351438
-618654247
0620169218
0218227689
0049611038
-334428725
-433251596
-621355781
0304871454
-517276442
0016774644
0102766833
0069596088
-118152964
-181803028
0369870056
-252373459
0134084092
0469235458
-334887981
-367325945
-220662533
0670117132
-907280623
-202700540
0115613945
-568977380
-386911999
-251936526
-505007584
-82494742
-33957626
0520555267
-169939457
-183693027
0353105610
0419485966
-418510632
-202235364
0470468841
-418099738
0888724955
0688641793
-601493037
-34134540
-34404594
-889918421
0804719632
0686547906
0031909942
0283707403
0369686532
0300486867
0218558949
-606925786
0285082656
0485876484
-520091932
0169934338
-722661621
0119083716
-755095043
-639360745
0017947922
-451937016
-52293627
0485825287
0537323748
0515952423
-35260614
0670888409
-318709253
-333240810
0101322172
0469956854
-691928028
-789895403
0217379846
0554107653
0298844188
0751562730
0789902817
0048762900
-1425277940
0438443478
-706535694
0269739819
0517857562
-602348548
-368899347
-587517412
-253095922
-451605519
1428026327
-234825736
-182203913
-52488654
-217760559
-318827540
0099224044
-118947305
-251130885
-219671263
-285480184
0418449165
-283765797
-553521384
-233045988
0300276976
-253427699
-116770300
0235799550
-315496522
0200336910
-537782257
0254994422
-146993193
0285599442
-233107750
-453568013
-555669719
0688774379
-267113483
-1023931668
0317525740
-566890974
-522322640
0064219430
0724771298
0149744604
-335740651
-217319941
-687401465
0247785752
0055445996
0186636252
-200221424
-33674790
0519511272
0200802264
-567671828
-439871978
0001903915
-336931095
-315485422
-552336137
0400363770
-247406347
-503702312
-286259937
-117770749
-624944063
0586877981
-469964555
0401079845
0472699385
0248966391
-52357098
0922874591
-1126560475
0369696765
0337305050
-556263150
0068686070
0198836463
0134014249
-384175357
0370870496
0066384612
-785700889
0218492163
0453636879
-34215196
0655868678
0604370670
-137235689
0533919997
-569840599
0285939184
-555544816
0520421628
0519628801
0349568007
-113513228
0651811307
-1122547964
0504032228
0284610818
-820579022
0570037442
0036640470
0452058867
0589627624
0200009707
0201921523
0231798014
0136767494
0064944152
0401991390
-385545441
0216280051
0752739067
-170464211
0485822694
0169668090
0622712823
-552468477
-187173896
1159262732
-267787272
-267970843
-653713955
0487386400
0001568257
0417719776
0618001690
0033157402
0064878080
-83945949
0117962181
0250554900
0402841549
0299308575
0036174335
0014616260
0786110729
0922602456
-150470123
0050265339
-33950991
0622787825
0349432325
0350345000
-270402783
0619196666
-100730391
-131341075
0671671063
-267124297
-68023798
0236705817
-66131220
0301864434
-803206409
-281940247
-372301823
0487926471
0369482983
0066265610
-98176273
-135015952
-253023717
-534834690
-131275288
00-784125
0202567657
0554376170
-183382808
1142487790
0013294056
0755105037
-302054122
-874055417
0489889769
0266713857
-132249089
0082124020
-1007088873
-266999025
-891938756
-452906247
0652807149
-1058989545
-66575870
0199824117
-135003918
0085395959
-587138586
-1289606384
0420144645
0053802447
-887940359
0186512876
0067494654
-637266938
0435686116
-236324613
-148038649
0738121700
-554696191
1025575631
-639241448
-302704122
-251393534
0385025556
-370480636
0120925139
-202580475
-69124611
0621534462
-35919856
-250216183
0063501571
0354294529
1222759930
-286922237
-198640371
0419483391
-417526296
0119210983
0502002943
-136383212
0787747329
-827189762
1008014103
-401617165
-467600918
-636933622
-202176500
0401997822
-269293082
-419161320
0902636285
-204024795
0402727929
-103364607
-537054677
-218894580
0100083200
0321515518
-184496663
0602411028
0086373367
-371844907
-284877077
0168165379
0707256041
0601545238
-521472773
0386150146
0902485261
0083227649
-1073345803
0170399745
-503708680
0234102005
-1277546992
-283046153
0149817842
-132191465
0119333084
0316857638
-18348274
0855498256
-338098908
