00000 0000000121 0 0 0 0 0
00001 0000056204 0 0 0 0 0
00002 0000060625 0 0 0 0 0
00003 0000065094 0 0 0 0 0
00004 0000060308 0 0 0 0 0
00005 0000004519 0 0 0 0 0
00006 0000062736 0 0 0 0 0
00007 0000003119 0 0 0 0 0
00008 0000065350 0 0 0 0 0
00009 0000000115 0 0 0 0 0
00010 0000064414 0 0 0 0 0
00011 0000003638 0 0 0 0 0
00012 0000002047 0 0 0 0 0
00013 0000003097 0 0 0 0 0
00014 0000009176 0 0 0 0 0
00015 0000000758 0 0 0 0 0
00016 0000064814 0 0 0 0 0
00017 0000063431 0 0 0 0 0
00018 0000002799 0 0 0 0 0
00019 0000007214 0 0 0 0 0
00020 0000009729 0 0 0 0 0
00021 0000056645 0 0 0 0 0
00022 0000058290 0 0 0 0 0
00023 0000061409 0 0 0 0 0
00024 0000057538 0 0 0 0 0
00025 0000060701 0 0 0 0 0
00026 0000001159 0 0 0 0 0
00027 0000004052 0 0 0 0 0
00028 0000063312 0 0 0 0 0
00029 0000063114 0 0 0 0 0
00030 0000064185 0 0 0 0 0
00031 0000061158 0 0 0 0 0
00032 0000063629 0 0 0 0 0
00033 0000000594 0 0 0 0 0
00034 0000061176 0 0 0 0 0
00035 0000000360 0 0 0 0 0
00036 0000064164 0 0 0 0 0
00037 0000007452 0 0 0 0 0
00038 0000064625 0 0 0 0 0
00039 0000063468 0 0 0 0 0
00040 0000001499 0 0 0 0 0
00041 0000006226 0 0 0 0 0
00042 0000009240 0 0 0 0 0
00043 0000006420 0 0 0 0 0
00044 0000004469 0 0 0 0 0
00045 0000005803 0 0 0 0 0
00046 0000062771 0 0 0 0 0
00047 0000064611 0 0 0 0 0
00048 0000063004 0 0 0 0 0
00049 0000055996 0 0 0 0 0
00050 0000058590 0 0 0 0 0
00051 0000008901 0 0 0 0 0
00052 0000065451 0 0 0 0 0
00053 0000064659 0 0 0 0 0
00054 0000009250 0 0 0 0 0
00055 0000060206 0 0 0 0 0
00056 0000002831 0 0 0 0 0
00057 0000002866 0 0 0 0 0
00058 0000063389 0 0 0 0 0
00059 0000000079 0 0 0 0 0
00060 0000060014 0 0 0 0 0
00061 0000003590 0 0 0 0 0
00062 0000007692 0 0 0 0 0
00063 0000001501 0 0 0 0 0
00064 0000064260 0 0 0 0 0
00065 0000003044 0 0 0 0 0
00066 0000007101 0 0 0 0 0
00067 0000061998 0 0 0 0 0
00068 0000058382 0 0 0 0 0
00069 0000064887 0 0 0 0 0
00070 0000064095 0 0 0 0 0
00071 0000063299 0 0 0 0 0
00072 0000064229 0 0 0 0 0
00073 0000055818 0 0 0 0 0
00074 0000062242 0 0 0 0 0
00075 0000006626 0 0 0 0 0
00076 0000060408 0 0 0 0 0
00077 0000008702 0 0 0 0 0
00078 0000058490 0 0 0 0 0
00079 0000064651 0 0 0 0 0
00080 0000001244 0 0 0 0 0
00081 0000000900 0 0 0 0 0
00082 0000065041 0 0 0 0 0
00083 0000059635 0 0 0 0 0
00084 0000000354 0 0 0 0 0
00085 0000013821 0 0 0 0 0
00086 0000006967 0 0 0 0 0
00087 0000003299 0 0 0 0 0
00088 0000006970 0 0 0 0 0
00089 0000064732 0 0 0 0 0
00090 0000005795 0 0 0 0 0
00091 0000062316 0 0 0 0 0
00092 0000064247 0 0 0 0 0
00093 0000004242 0 0 0 0 0
00094 0000061667 0 0 0 0 0
00095 0000004703 0 0 0 0 0
00096 0000001337 0 0 0 0 0
00097 0000063213 0 0 0 0 0
00098 0000012337 0 0 0 0 0
00099 0000004300 0 0 0 0 0
00100 0000054635 0 0 0 0 0
00101 0000006075 0 0 0 0 0
00102 0000007400 0 0 0 0 0
00103 0000062598 0 0 0 0 0
00104 0000006697 0 0 0 0 0
00105 0000064955 0 0 0 0 0
00106 0000053757 0 0 0 0 0
00107 0000008717 0 0 0 0 0
00108 0000007409 0 0 0 0 0
00109 0000002490 0 0 0 0 0
00110 0000000981 0 0 0 0 0
00111 0000003486 0 0 0 0 0
00112 0000005420 0 0 0 0 0
00113 0000003787 0 0 0 0 0
00114 0000063401 0 0 0 0 0
00115 0000001357 0 0 0 0 0
00116 0000062447 0 0 0 0 0
00117 0000064727 0 0 0 0 0
00118 0000058861 0 0 0 0 0
00119 0000010076 0 0 0 0 0
00120 0000001904 0 0 0 0 0
00121 0000060695 0 0 0 0 0
00122 0000063317 0 0 0 0 0
00123 0000062584 0 0 0 0 0
00124 0000056997 0 0 0 0 0
00125 0000005333 0 0 0 0 0
00126 0000062204 0 0 0 0 0
00127 0000055222 0 0 0 0 0
00128 0000006155 0 0 0 0 0
00129 0000008624 0 0 0 0 0
00130 0000063859 0 0 0 0 0
00131 0000059944 0 0 0 0 0
00132 0000001045 0 0 0 0 0
00133 0000061132 0 0 0 0 0
00134 0000000449 0 0 0 0 0
00135 0000000014 0 0 0 0 0
00136 0000061667 0 0 0 0 0
00137 0000065167 0 0 0 0 0
00138 0000059162 0 0 0 0 0
00139 0000001137 0 0 0 0 0
00140 0000063286 0 0 0 0 0
00141 0000056019 0 0 0 0 0
00142 0000001394 0 0 0 0 0
00143 0000064626 0 0 0 0 0
00144 0000062435 0 0 0 0 0
00145 0000061537 0 0 0 0 0
00146 0000058414 0 0 0 0 0
00147 0000007841 0 0 0 0 0
00148 0000059048 0 0 0 0 0
00149 0000056720 0 0 0 0 0
00150 0000064292 0 0 0 0 0
00151 0000063645 0 0 0 0 0
00152 0000002832 0 0 0 0 0
00153 0000062138 0 0 0 0 0
00154 0000061761 0 0 0 0 0
00155 0000000021 0 0 0 0 0
00156 0000000721 0 0 0 0 0
00157 0000002164 0 0 0 0 0
00158 0000056469 0 0 0 0 0
00159 0000007111 0 0 0 0 0
00160 0000000232 0 0 0 0 0
00161 0000005457 0 0 0 0 0
00162 0000006459 0 0 0 0 0
00163 0000058254 0 0 0 0 0
00164 0000000788 0 0 0 0 0
00165 0000062779 0 0 0 0 0
00166 0000065075 0 0 0 0 0
00167 0000065020 0 0 0 0 0
00168 0000000372 0 0 0 0 0
00169 0000061676 0 0 0 0 0
00170 0000059780 0 0 0 0 0
00171 0000065348 0 0 0 0 0
00172 0000002287 0 0 0 0 0
00173 0000057509 0 0 0 0 0
00174 0000004327 0 0 0 0 0
00175 0000000459 0 0 0 0 0
00176 0000063199 0 0 0 0 0
00177 0000064278 0 0 0 0 0
00178 0000006337 0 0 0 0 0
00179 0000004750 0 0 0 0 0
00180 0000005663 0 0 0 0 0
00181 0000061829 0 0 0 0 0
00182 0000058242 0 0 0 0 0
00183 0000060385 0 0 0 0 0
00184 0000009267 0 0 0 0 0
00185 0000007404 0 0 0 0 0
00186 0000055206 0 0 0 0 0
00187 0000005024 0 0 0 0 0
00188 0000007383 0 0 0 0 0
00189 0000059644 0 0 0 0 0
00190 0000060603 0 0 0 0 0
00191 0000062348 0 0 0 0 0
00192 0000061849 0 0 0 0 0
00193 0000006161 0 0 0 0 0
00194 0000060551 0 0 0 0 0
00195 0000062987 0 0 0 0 0
00196 0000002747 0 0 0 0 0
00197 0000008924 0 0 0 0 0
00198 0000065357 0 0 0 0 0
00199 0000057541 0 0 0 0 0
00200 0000009472 0 0 0 0 0
00201 0000008717 0 0 0 0 0
00202 0000063247 0 0 0 0 0
00203 0000001657 0 0 0 0 0
00204 0000063787 0 0 0 0 0
00205 0000000766 0 0 0 0 0
00206 0000060060 0 0 0 0 0
00207 0000061758 0 0 0 0 0
00208 0000062192 0 0 0 0 0
00209 0000060238 0 0 0 0 0
00210 0000003053 0 0 0 0 0
00211 0000008498 0 0 0 0 0
00212 0000055435 0 0 0 0 0
00213 0000001372 0 0 0 0 0
00214 0000002619 0 0 0 0 0
00215 0000065280 0 0 0 0 0
00216 0000064406 0 0 0 0 0
00217 0000064356 0 0 0 0 0
00218 0000065006 0 0 0 0 0
00219 0000003829 0 0 0 0 0
00220 0000065257 0 0 0 0 0
00221 0000061029 0 0 0 0 0
00222 0000062140 0 0 0 0 0
00223 0000062579 0 0 0 0 0
00224 0000056265 0 0 0 0 0
00225 0000000926 0 0 0 0 0
00226 0000000232 0 0 0 0 0
00227 0000010610 0 0 0 0 0
00228 0000005060 0 0 0 0 0
00229 0000000254 0 0 0 0 0
00230 0000064140 0 0 0 0 0
00231 0000055467 0 0 0 0 0
00232 0000061095 0 0 0 0 0
00233 0000064621 0 0 0 0 0
00234 0000001448 0 0 0 0 0
00235 0000010048 0 0 0 0 0
00236 0000055819 0 0 0 0 0
00237 0000063617 0 0 0 0 0
00238 0000001599 0 0 0 0 0
00239 0000058936 0 0 0 0 0
00240 0000002183 0 0 0 0 0
00241 0000065408 0 0 0 0 0
00242 0000003650 0 0 0 0 0
00243 0000003744 0 0 0 0 0
00244 0000001328 0 0 0 0 0
00245 0000002197 0 0 0 0 0
00246 0000001374 0 0 0 0 0
00247 0000064129 0 0 0 0 0
00248 0000058637 0 0 0 0 0
00249 0000006968 0 0 0 0 0
00250 0000000238 0 0 0 0 0
00251 0000052440 0 0 0 0 0
00252 0000064757 0 0 0 0 0
00253 0000001977 0 0 0 0 0
00254 0000008422 0 0 0 0 0
00255 0000006427 0 0 0 0 0
00256 0000063242 0 0 0 0 0
00257 0000003144 0 0 0 0 0
00258 0000007684 0 0 0 0 0
00259 0000061655 0 0 0 0 0
00260 0000000272 0 0 0 0 0
00261 0000059735 0 0 0 0 0
00262 0000060895 0 0 0 0 0
00263 0000001540 0 0 0 0 0
00264 0000062087 0 0 0 0 0
00265 0000012774 0 0 0 0 0
00266 0000002416 0 0 0 0 0
00267 0000058870 0 0 0 0 0
00268 0000065080 0 0 0 0 0
00269 0000051957 0 0 0 0 0
00270 0000060561 0 0 0 0 0
00271 0000001754 0 0 0 0 0
00272 0000004078 0 0 0 0 0
00273 0000003374 0 0 0 0 0
00274 0000008110 0 0 0 0 0
00275 0000007364 0 0 0 0 0
00276 0000000673 0 0 0 0 0
00277 0000059375 0 0 0 0 0
00278 0000004582 0 0 0 0 0
00279 0000058613 0 0 0 0 0
00280 0000064065 0 0 0 0 0
00281 0000063063 0 0 0 0 0
00282 0000007498 0 0 0 0 0
00283 0000062604 0 0 0 0 0
00284 0000061723 0 0 0 0 0
00285 0000002905 0 0 0 0 0
00286 0000002192 0 0 0 0 0
00287 0000000956 0 0 0 0 0
00288 0000064930 0 0 0 0 0
00289 0000007129 0 0 0 0 0
00290 0000061333 0 0 0 0 0
00291 0000000258 0 0 0 0 0
00292 0000065165 0 0 0 0 0
00293 0000000417 0 0 0 0 0
00294 0000057529 0 0 0 0 0
00295 0000063586 0 0 0 0 0
00296 0000007477 0 0 0 0 0
00297 0000062694 0 0 0 0 0
00298 0000059658 0 0 0 0 0
00299 0000005671 0 0 0 0 0
00300 0000001042 0 0 0 0 0
00301 0000000485 0 0 0 0 0
00302 0000006325 0 0 0 0 0
00303 0000064120 0 0 0 0 0
00304 0000056297 0 0 0 0 0
00305 0000002976 0 0 0 0 0
00306 0000000212 0 0 0 0 0
00307 0000058546 0 0 0 0 0
00308 0000006574 0 0 0 0 0
00309 0000064851 0 0 0 0 0
00310 0000060557 0 0 0 0 0
00311 0000003619 0 0 0 0 0
00312 0000006339 0 0 0 0 0
00313 0000014905 0 0 0 0 0
00314 0000064270 0 0 0 0 0
00315 0000054725 0 0 0 0 0
00316 0000054633 0 0 0 0 0
00317 0000064688 0 0 0 0 0
00318 0000060859 0 0 0 0 0
00319 0000064154 0 0 0 0 0
00320 0000011905 0 0 0 0 0
00321 0000063575 0 0 0 0 0
00322 0000008930 0 0 0 0 0
00323 0000005086 0 0 0 0 0
00324 0000062420 0 0 0 0 0
00325 0000061291 0 0 0 0 0
00326 0000065123 0 0 0 0 0
00327 0000064126 0 0 0 0 0
00328 0000057368 0 0 0 0 0
00329 0000061697 0 0 0 0 0
00330 0000063611 0 0 0 0 0
00331 0000004264 0 0 0 0 0
00332 0000005370 0 0 0 0 0
00333 0000002369 0 0 0 0 0
00334 0000064779 0 0 0 0 0
00335 0000062714 0 0 0 0 0
00336 0000064532 0 0 0 0 0
00337 0000055222 0 0 0 0 0
00338 0000003922 0 0 0 0 0
00339 0000003699 0 0 0 0 0
00340 0000063257 0 0 0 0 0
00341 0000059691 0 0 0 0 0
00342 0000061889 0 0 0 0 0
00343 0000006161 0 0 0 0 0
00344 0000002883 0 0 0 0 0
00345 0000059983 0 0 0 0 0
00346 0000004332 0 0 0 0 0
00347 0000000447 0 0 0 0 0
00348 0000065482 0 0 0 0 0
00349 0000062873 0 0 0 0 0
00350 0000000472 0 0 0 0 0
00351 0000001935 0 0 0 0 0
00352 0000003749 0 0 0 0 0
00353 0000053977 0 0 0 0 0
00354 0000002624 0 0 0 0 0
00355 0000012647 0 0 0 0 0
00356 0000001132 0 0 0 0 0
00357 0000061655 0 0 0 0 0
00358 0000003230 0 0 0 0 0
00359 0000059905 0 0 0 0 0
00360 0000064133 0 0 0 0 0
00361 0000062751 0 0 0 0 0
00362 0000063727 0 0 0 0 0
00363 0000000051 0 0 0 0 0
00364 0000059038 0 0 0 0 0
00365 0000006566 0 0 0 0 0
00366 0000000883 0 0 0 0 0
00367 0000060905 0 0 0 0 0
00368 0000058680 0 0 0 0 0
00369 0000062249 0 0 0 0 0
00370 0000062618 0 0 0 0 0
00371 0000052040 0 0 0 0 0
00372 0000002093 0 0 0 0 0
00373 0000002131 0 0 0 0 0
00374 0000062662 0 0 0 0 0
00375 0000009079 0 0 0 0 0
00376 0000007222 0 0 0 0 0
00377 0000001773 0 0 0 0 0
00378 0000004894 0 0 0 0 0
00379 0000055671 0 0 0 0 0
00380 0000002035 0 0 0 0 0
00381 0000060489 0 0 0 0 0
00382 0000006181 0 0 0 0 0
00383 0000062476 0 0 0 0 0
00384 0000060039 0 0 0 0 0
00385 0000064441 0 0 0 0 0
00386 0000063541 0 0 0 0 0
00387 0000064540 0 0 0 0 0
00388 0000007010 0 0 0 0 0
00389 0000002414 0 0 0 0 0
00390 0000013062 0 0 0 0 0
00391 0000007304 0 0 0 0 0
00392 0000063116 0 0 0 0 0
00393 0000060461 0 0 0 0 0
00394 0000001418 0 0 0 0 0
00395 0000062081 0 0 0 0 0
00396 0000003893 0 0 0 0 0
00397 0000000330 0 0 0 0 0
00398 0000053905 0 0 0 0 0
00399 0000064617 0 0 0 0 0
00400 0000003029 0 0 0 0 0
00401 0000063848 0 0 0 0 0
00402 0000062609 0 0 0 0 0
00403 0000000397 0 0 0 0 0
00404 0000063826 0 0 0 0 0
00405 0000061467 0 0 0 0 0
00406 0000002142 0 0 0 0 0
00407 0000000171 0 0 0 0 0
00408 0000059902 0 0 0 0 0
00409 0000062089 0 0 0 0 0
00410 0000058537 0 0 0 0 0
00411 0000060916 0 0 0 0 0
00412 0000005417 0 0 0 0 0
00413 0000008305 0 0 0 0 0
00414 0000062540 0 0 0 0 0
00415 0000060177 0 0 0 0 0
00416 0000065466 0 0 0 0 0
00417 0000062674 0 0 0 0 0
00418 0000064365 0 0 0 0 0
00419 0000064278 0 0 0 0 0
00420 0000054875 0 0 0 0 0
00421 0000004699 0 0 0 0 0
00422 0000005477 0 0 0 0 0
00423 0000062399 0 0 0 0 0
00424 0000000384 0 0 0 0 0
00425 0000002962 0 0 0 0 0
00426 0000062825 0 0 0 0 0
00427 0000063834 0 0 0 0 0
00428 0000064304 0 0 0 0 0
00429 0000061674 0 0 0 0 0
00430 0000063735 0 0 0 0 0
00431 0000005655 0 0 0 0 0
00432 0000005765 0 0 0 0 0
00433 0000063651 0 0 0 0 0
00434 0000003673 0 0 0 0 0
00435 0000063752 0 0 0 0 0
00436 0000063336 0 0 0 0 0
00437 0000062795 0 0 0 0 0
00438 0000001768 0 0 0 0 0
00439 0000004977 0 0 0 0 0
00440 0000002769 0 0 0 0 0
00441 0000064317 0 0 0 0 0
00442 0000000388 0 0 0 0 0
00443 0000064372 0 0 0 0 0
00444 0000062910 0 0 0 0 0
00445 0000002249 0 0 0 0 0
00446 0000000766 0 0 0 0 0
00447 0000001389 0 0 0 0 0
00448 0000003756 0 0 0 0 0
00449 0000062742 0 0 0 0 0
00450 0000062647 0 0 0 0 0
00451 0000063456 0 0 0 0 0
00452 0000002957 0 0 0 0 0
00453 0000003096 0 0 0 0 0
00454 0000063215 0 0 0 0 0
00455 0000054336 0 0 0 0 0
00456 0000062849 0 0 0 0 0
00457 0000004195 0 0 0 0 0
00458 0000000150 0 0 0 0 0
00459 0000002737 0 0 0 0 0
00460 0000001135 0 0 0 0 0
00461 0000063682 0 0 0 0 0
00462 0000003431 0 0 0 0 0
00463 0000060073 0 0 0 0 0
00464 0000001399 0 0 0 0 0
00465 0000061693 0 0 0 0 0
00466 0000007553 0 0 0 0 0
00467 0000006371 0 0 0 0 0
00468 0000064192 0 0 0 0 0
00469 0000005831 0 0 0 0 0
00470 0000061801 0 0 0 0 0
00471 0000057338 0 0 0 0 0
00472 0000001599 0 0 0 0 0
00473 0000001056 0 0 0 0 0
00474 0000065444 0 0 0 0 0
00475 0000005654 0 0 0 0 0
00476 0000059767 0 0 0 0 0
00477 0000058111 0 0 0 0 0
00478 0000056567 0 0 0 0 0
00479 0000062310 0 0 0 0 0
00480 0000002794 0 0 0 0 0
00481 0000007427 0 0 0 0 0
00482 0000065190 0 0 0 0 0
00483 0000000227 0 0 0 0 0
00484 0000054899 0 0 0 0 0
00485 0000060617 0 0 0 0 0
00486 0000058577 0 0 0 0 0
00487 0000005042 0 0 0 0 0
00488 0000063559 0 0 0 0 0
00489 0000054397 0 0 0 0 0
00490 0000004663 0 0 0 0 0
00491 0000064887 0 0 0 0 0
00492 0000054414 0 0 0 0 0
00493 0000060227 0 0 0 0 0
00494 0000059275 0 0 0 0 0
00495 0000001134 0 0 0 0 0
00496 0000008275 0 0 0 0 0
00497 0000062146 0 0 0 0 0
00498 0000054989 0 0 0 0 0
00499 0000065079 0 0 0 0 0
00500 0000006219 0 0 0 0 0
00501 0000014095 0 0 0 0 0
00502 0000065041 0 0 0 0 0
00503 0000006758 0 0 0 0 0
00504 0000064525 0 0 0 0 0
00505 0000061824 0 0 0 0 0
00506 0000002096 0 0 0 0 0
00507 0000009393 0 0 0 0 0
00508 0000002596 0 0 0 0 0
00509 0000000279 0 0 0 0 0
00510 0000063800 0 0 0 0 0
00511 0000004620 0 0 0 0 0
00512 0000003531 0 0 0 0 0
00513 0000063494 0 0 0 0 0
00514 0000065169 0 0 0 0 0
00515 0000007040 0 0 0 0 0
00516 0000002518 0 0 0 0 0
00517 0000000193 0 0 0 0 0
00518 0000061589 0 0 0 0 0
00519 0000002822 0 0 0 0 0
00520 0000064819 0 0 0 0 0
00521 0000065128 0 0 0 0 0
00522 0000003868 0 0 0 0 0
00523 0000007508 0 0 0 0 0
00524 0000007724 0 0 0 0 0
00525 0000000298 0 0 0 0 0
00526 0000009263 0 0 0 0 0
00527 0000003051 0 0 0 0 0
00528 0000000012 0 0 0 0 0
00529 0000064195 0 0 0 0 0
00530 0000064086 0 0 0 0 0
00531 0000063284 0 0 0 0 0
00532 0000053453 0 0 0 0 0
00533 0000064060 0 0 0 0 0
00534 0000008607 0 0 0 0 0
00535 0000062489 0 0 0 0 0
00536 0000064184 0 0 0 0 0
00537 0000007037 0 0 0 0 0
00538 0000001528 0 0 0 0 0
00539 0000057463 0 0 0 0 0
00540 0000062371 0 0 0 0 0
00541 0000001075 0 0 0 0 0
00542 0000060010 0 0 0 0 0
00543 0000059489 0 0 0 0 0
00544 0000063629 0 0 0 0 0
00545 0000062757 0 0 0 0 0
00546 0000003779 0 0 0 0 0
00547 0000058915 0 0 0 0 0
00548 0000008684 0 0 0 0 0
00549 0000059610 0 0 0 0 0
00550 0000001484 0 0 0 0 0
00551 0000056989 0 0 0 0 0
00552 0000002551 0 0 0 0 0
00553 0000063870 0 0 0 0 0
00554 0000060830 0 0 0 0 0
00555 0000001660 0 0 0 0 0
00556 0000062472 0 0 0 0 0
00557 0000061899 0 0 0 0 0
00558 0000000294 0 0 0 0 0
00559 0000004283 0 0 0 0 0
00560 0000002457 0 0 0 0 0
00561 0000063665 0 0 0 0 0
00562 0000006385 0 0 0 0 0
00563 0000061118 0 0 0 0 0
00564 0000064009 0 0 0 0 0
00565 0000004658 0 0 0 0 0
00566 0000017181 0 0 0 0 0
00567 0000004671 0 0 0 0 0
00568 0000063959 0 0 0 0 0
00569 0000002988 0 0 0 0 0
00570 0000002341 0 0 0 0 0
00571 0000007723 0 0 0 0 0
00572 0000057993 0 0 0 0 0
00573 0000003970 0 0 0 0 0
00574 0000004970 0 0 0 0 0
00575 0000009468 0 0 0 0 0
00576 0000060957 0 0 0 0 0
00577 0000057910 0 0 0 0 0
00578 0000049877 0 0 0 0 0
00579 0000004983 0 0 0 0 0
00580 0000007790 0 0 0 0 0
00581 0000002912 0 0 0 0 0
00582 0000005877 0 0 0 0 0
00583 0000065292 0 0 0 0 0
00584 0000064083 0 0 0 0 0
00585 0000001187 0 0 0 0 0
00586 0000003268 0 0 0 0 0
00587 0000063497 0 0 0 0 0
00588 0000057091 0 0 0 0 0
00589 0000062515 0 0 0 0 0
00590 0000000709 0 0 0 0 0
00591 0000055215 0 0 0 0 0
00592 0000062069 0 0 0 0 0
00593 0000004213 0 0 0 0 0
00594 0000059763 0 0 0 0 0
00595 0000059093 0 0 0 0 0
00596 0000062390 0 0 0 0 0
00597 0000008246 0 0 0 0 0
00598 0000063092 0 0 0 0 0
00599 0000059667 0 0 0 0 0
00600 0000002663 0 0 0 0 0
00601 0000003554 0 0 0 0 0
00602 0000060346 0 0 0 0 0
00603 0000005395 0 0 0 0 0
00604 0000063543 0 0 0 0 0
00605 0000062088 0 0 0 0 0
00606 0000000531 0 0 0 0 0
00607 0000002949 0 0 0 0 0
00608 0000008558 0 0 0 0 0
00609 0000006859 0 0 0 0 0
00610 0000059471 0 0 0 0 0
00611 0000064535 0 0 0 0 0
00612 0000060904 0 0 0 0 0
00613 0000064710 0 0 0 0 0
00614 0000007861 0 0 0 0 0
00615 0000061821 0 0 0 0 0
00616 0000004554 0 0 0 0 0
00617 0000059933 0 0 0 0 0
00618 0000053869 0 0 0 0 0
00619 0000001832 0 0 0 0 0
00620 0000009758 0 0 0 0 0
00621 0000063462 0 0 0 0 0
00622 0000059390 0 0 0 0 0
00623 0000063033 0 0 0 0 0
00624 0000064810 0 0 0 0 0
00625 0000006079 0 0 0 0 0
00626 0000058204 0 0 0 0 0
00627 0000065211 0 0 0 0 0
00628 0000007866 0 0 0 0 0
00629 0000005879 0 0 0 0 0
00630 0000000949 0 0 0 0 0
00631 0000064023 0 0 0 0 0
00632 0000005100 0 0 0 0 0
00633 0000000272 0 0 0 0 0
00634 0000000466 0 0 0 0 0
00635 0000002821 0 0 0 0 0
00636 0000015973 0 0 0 0 0
00637 0000001673 0 0 0 0 0
00638 0000062814 0 0 0 0 0
00639 0000055989 0 0 0 0 0
00640 0000054202 0 0 0 0 0
00641 0000064054 0 0 0 0 0
00642 0000059323 0 0 0 0 0
00643 0000001860 0 0 0 0 0
00644 0000059069 0 0 0 0 0
00645 0000061364 0 0 0 0 0
00646 0000061834 0 0 0 0 0
00647 0000059256 0 0 0 0 0
00648 0000004948 0 0 0 0 0
00649 0000011494 0 0 0 0 0
00650 0000004939 0 0 0 0 0
00651 0000061843 0 0 0 0 0
00652 0000060962 0 0 0 0 0
00653 0000002445 0 0 0 0 0
00654 0000065141 0 0 0 0 0
00655 0000059969 0 0 0 0 0
00656 0000003645 0 0 0 0 0
00657 0000001355 0 0 0 0 0
00658 0000058487 0 0 0 0 0
00659 0000055984 0 0 0 0 0
00660 0000062116 0 0 0 0 0
00661 0000056505 0 0 0 0 0
00662 0000058961 0 0 0 0 0
00663 0000064017 0 0 0 0 0
00664 0000064539 0 0 0 0 0
00665 0000064803 0 0 0 0 0
00666 0000064344 0 0 0 0 0
00667 0000061359 0 0 0 0 0
00668 0000052863 0 0 0 0 0
00669 0000065401 0 0 0 0 0
00670 0000062688 0 0 0 0 0
00671 0000054267 0 0 0 0 0
00672 0000058394 0 0 0 0 0
00673 0000000500 0 0 0 0 0
00674 0000060420 0 0 0 0 0
00675 0000002263 0 0 0 0 0
00676 0000060416 0 0 0 0 0
00677 0000055992 0 0 0 0 0
00678 0000001918 0 0 0 0 0
00679 0000063586 0 0 0 0 0
00680 0000008209 0 0 0 0 0
00681 0000006231 0 0 0 0 0
00682 0000062032 0 0 0 0 0
00683 0000001960 0 0 0 0 0
00684 0000000471 0 0 0 0 0
00685 0000006402 0 0 0 0 0
00686 0000062412 0 0 0 0 0
00687 0000059333 0 0 0 0 0
00688 0000056772 0 0 0 0 0
00689 0000058016 0 0 0 0 0
00690 0000008261 0 0 0 0 0
00691 0000059817 0 0 0 0 0
00692 0000056045 0 0 0 0 0
00693 0000005302 0 0 0 0 0
00694 0000000449 0 0 0 0 0
00695 0000056809 0 0 0 0 0
00696 0000059047 0 0 0 0 0
00697 0000059472 0 0 0 0 0
00698 0000056693 0 0 0 0 0
00699 0000064205 0 0 0 0 0
00700 0000001861 0 0 0 0 0
00701 0000065470 0 0 0 0 0
00702 0000001093 0 0 0 0 0
00703 0000004002 0 0 0 0 0
00704 0000061842 0 0 0 0 0
00705 0000062933 0 0 0 0 0
00706 0000065359 0 0 0 0 0
00707 0000060125 0 0 0 0 0
00708 0000053888 0 0 0 0 0
00709 0000063989 0 0 0 0 0
00710 0000007458 0 0 0 0 0
00711 0000008141 0 0 0 0 0
00712 0000002164 0 0 0 0 0
00713 0000060647 0 0 0 0 0
00714 0000062542 0 0 0 0 0
00715 0000002411 0 0 0 0 0
00716 0000061923 0 0 0 0 0
00717 0000052120 0 0 0 0 0
00718 0000062496 0 0 0 0 0
00719 0000056957 0 0 0 0 0
00720 0000000180 0 0 0 0 0
00721 0000062503 0 0 0 0 0
00722 0000062240 0 0 0 0 0
00723 0000002666 0 0 0 0 0
00724 0000005793 0 0 0 0 0
00725 0000005677 0 0 0 0 0
00726 0000058095 0 0 0 0 0
00727 0000007703 0 0 0 0 0
00728 0000000792 0 0 0 0 0
00729 0000058638 0 0 0 0 0
00730 0000004388 0 0 0 0 0
00731 0000000888 0 0 0 0 0
00732 0000059627 0 0 0 0 0
00733 0000062457 0 0 0 0 0
00734 0000058327 0 0 0 0 0
00735 0000062985 0 0 0 0 0
00736 0000064414 0 0 0 0 0
00737 0000002988 0 0 0 0 0
00738 0000001341 0 0 0 0 0
00739 0000063376 0 0 0 0 0
00740 0000064468 0 0 0 0 0
00741 0000056870 0 0 0 0 0
00742 0000000084 0 0 0 0 0
00743 0000063830 0 0 0 0 0
00744 0000001292 0 0 0 0 0
00745 0000007779 0 0 0 0 0
00746 0000003557 0 0 0 0 0
00747 0000061920 0 0 0 0 0
00748 0000000535 0 0 0 0 0
00749 0000061518 0 0 0 0 0
00750 0000064470 0 0 0 0 0
00751 0000056969 0 0 0 0 0
00752 0000000426 0 0 0 0 0
00753 0000058806 0 0 0 0 0
00754 0000003679 0 0 0 0 0
00755 0000002091 0 0 0 0 0
00756 0000006516 0 0 0 0 0
00757 0000061583 0 0 0 0 0
00758 0000003148 0 0 0 0 0
00759 0000064602 0 0 0 0 0
00760 0000006426 0 0 0 0 0
00761 0000012043 0 0 0 0 0
00762 0000059912 0 0 0 0 0
00763 0000056172 0 0 0 0 0
00764 0000003938 0 0 0 0 0
00765 0000001119 0 0 0 0 0
00766 0000005445 0 0 0 0 0
00767 0000061630 0 0 0 0 0
00768 0000061089 0 0 0 0 0
00769 0000061413 0 0 0 0 0
00770 0000063686 0 0 0 0 0
00771 0000003174 0 0 0 0 0
00772 0000064524 0 0 0 0 0
00773 0000005253 0 0 0 0 0
00774 0000062883 0 0 0 0 0
00775 0000065039 0 0 0 0 0
00776 0000007467 0 0 0 0 0
00777 0000008961 0 0 0 0 0
00778 0000001141 0 0 0 0 0
00779 0000061803 0 0 0 0 0
00780 0000004625 0 0 0 0 0
00781 0000007573 0 0 0 0 0
00782 0000059316 0 0 0 0 0
00783 0000003576 0 0 0 0 0
00784 0000010353 0 0 0 0 0
00785 0000060165 0 0 0 0 0
00786 0000063602 0 0 0 0 0
00787 0000001035 0 0 0 0 0
00788 0000002300 0 0 0 0 0
00789 0000008577 0 0 0 0 0
00790 0000060969 0 0 0 0 0
00791 0000058636 0 0 0 0 0
00792 0000054865 0 0 0 0 0
00793 0000058774 0 0 0 0 0
00794 0000054655 0 0 0 0 0
00795 0000065236 0 0 0 0 0
00796 0000061563 0 0 0 0 0
00797 0000058452 0 0 0 0 0
00798 0000002345 0 0 0 0 0
00799 0000004034 0 0 0 0 0
00800 0000004385 0 0 0 0 0
00801 0000000531 0 0 0 0 0
00802 0000006365 0 0 0 0 0
00803 0000005771 0 0 0 0 0
00804 0000065271 0 0 0 0 0
00805 0000011443 0 0 0 0 0
00806 0000008540 0 0 0 0 0
00807 0000064497 0 0 0 0 0
00808 0000061464 0 0 0 0 0
00809 0000059634 0 0 0 0 0
00810 0000054272 0 0 0 0 0
00811 0000000086 0 0 0 0 0
00812 0000000698 0 0 0 0 0
00813 0000005083 0 0 0 0 0
00814 0000013152 0 0 0 0 0
00815 0000000199 0 0 0 0 0
00816 0000057427 0 0 0 0 0
00817 0000001281 0 0 0 0 0
00818 0000000961 0 0 0 0 0
00819 0000010694 0 0 0 0 0
00820 0000058492 0 0 0 0 0
00821 0000063485 0 0 0 0 0
00822 0000009018 0 0 0 0 0
00823 0000062997 0 0 0 0 0
00824 0000058649 0 0 0 0 0
00825 0000052648 0 0 0 0 0
00826 0000000109 0 0 0 0 0
00827 0000055024 0 0 0 0 0
00828 0000064708 0 0 0 0 0
00829 0000061934 0 0 0 0 0
00830 0000005168 0 0 0 0 0
00831 0000005674 0 0 0 0 0
00832 0000053097 0 0 0 0 0
00833 0000001683 0 0 0 0 0
00834 0000002079 0 0 0 0 0
00835 0000061545 0 0 0 0 0
00836 0000003658 0 0 0 0 0
00837 0000061028 0 0 0 0 0
00838 0000065509 0 0 0 0 0
00839 0000059730 0 0 0 0 0
00840 0000064385 0 0 0 0 0
00841 0000057253 0 0 0 0 0
00842 0000065060 0 0 0 0 0
00843 0000007782 0 0 0 0 0
00844 0000004034 0 0 0 0 0
00845 0000003662 0 0 0 0 0
00846 0000001302 0 0 0 0 0
00847 0000002571 0 0 0 0 0
00848 0000064664 0 0 0 0 0
00849 0000004003 0 0 0 0 0
00850 0000061998 0 0 0 0 0
00851 0000059507 0 0 0 0 0
00852 0000062863 0 0 0 0 0
00853 0000003077 0 0 0 0 0
00854 0000000785 0 0 0 0 0
00855 0000053847 0 0 0 0 0
00856 0000009672 0 0 0 0 0
00857 0000005309 0 0 0 0 0
00858 0000062048 0 0 0 0 0
00859 0000065305 0 0 0 0 0
00860 0000002233 0 0 0 0 0
00861 0000055228 0 0 0 0 0
00862 0000004960 0 0 0 0 0
00863 0000063626 0 0 0 0 0
00864 0000061050 0 0 0 0 0
00865 0000061654 0 0 0 0 0
00866 0000063331 0 0 0 0 0
00867 0000060156 0 0 0 0 0
00868 0000062831 0 0 0 0 0
00869 0000002784 0 0 0 0 0
00870 0000002100 0 0 0 0 0
00871 0000007886 0 0 0 0 0
00872 0000062547 0 0 0 0 0
00873 0000052139 0 0 0 0 0
00874 0000008366 0 0 0 0 0
00875 0000002884 0 0 0 0 0
00876 0000006127 0 0 0 0 0
00877 0000002869 0 0 0 0 0
00878 0000060631 0 0 0 0 0
00879 0000003347 0 0 0 0 0
00880 0000057051 0 0 0 0 0
00881 0000012970 0 0 0 0 0
00882 0000005486 0 0 0 0 0
00883 0000005228 0 0 0 0 0
00884 0000057274 0 0 0 0 0
00885 0000062455 0 0 0 0 0
00886 0000061254 0 0 0 0 0
00887 0000065262 0 0 0 0 0
00888 0000007224 0 0 0 0 0
00889 0000061646 0 0 0 0 0
00890 0000055067 0 0 0 0 0
00891 0000065134 0 0 0 0 0
00892 0000051964 0 0 0 0 0
00893 0000004170 0 0 0 0 0
00894 0000059097 0 0 0 0 0
00895 0000000725 0 0 0 0 0
00896 0000001217 0 0 0 0 0
00897 0000058841 0 0 0 0 0
00898 0000065532 0 0 0 0 0
00899 0000001810 0 0 0 0 0
00900 0000064795 0 0 0 0 0
00901 0000004292 0 0 0 0 0
00902 0000065189 0 0 0 0 0
00903 0000059718 0 0 0 0 0
00904 0000064605 0 0 0 0 0
00905 0000064834 0 0 0 0 0
00906 0000005579 0 0 0 0 0
00907 0000060612 0 0 0 0 0
00908 0000058544 0 0 0 0 0
00909 0000005017 0 0 0 0 0
00910 0000064898 0 0 0 0 0
00911 0000063082 0 0 0 0 0
00912 0000058398 0 0 0 0 0
00913 0000002278 0 0 0 0 0
00914 0000001320 0 0 0 0 0
00915 0000062305 0 0 0 0 0
00916 0000005090 0 0 0 0 0
00917 0000006698 0 0 0 0 0
00918 0000001582 0 0 0 0 0
00919 0000058609 0 0 0 0 0
00920 0000064637 0 0 0 0 0
00921 0000064872 0 0 0 0 0
00922 0000064776 0 0 0 0 0
00923 0000053648 0 0 0 0 0
00924 0000065059 0 0 0 0 0
00925 0000065323 0 0 0 0 0
00926 0000058554 0 0 0 0 0
00927 0000063183 0 0 0 0 0
00928 0000003882 0 0 0 0 0
00929 0000061903 0 0 0 0 0
00930 0000004075 0 0 0 0 0
00931 0000060127 0 0 0 0 0
00932 0000055253 0 0 0 0 0
00933 0000055971 0 0 0 0 0
00934 0000002614 0 0 0 0 0
00935 0000000274 0 0 0 0 0
00936 0000003695 0 0 0 0 0
00937 0000065220 0 0 0 0 0
00938 0000003679 0 0 0 0 0
00939 0000002275 0 0 0 0 0
00940 0000062556 0 0 0 0 0
00941 0000061980 0 0 0 0 0
00942 0000061036 0 0 0 0 0
00943 0000009086 0 0 0 0 0
00944 0000001140 0 0 0 0 0
00945 0000060416 0 0 0 0 0
00946 0000057166 0 0 0 0 0
00947 0000060958 0 0 0 0 0
00948 0000064286 0 0 0 0 0
00949 0000001603 0 0 0 0 0
00950 0000007337 0 0 0 0 0
00951 0000001817 0 0 0 0 0
00952 0000061684 0 0 0 0 0
00953 0000060140 0 0 0 0 0
00954 0000001114 0 0 0 0 0
00955 0000003525 0 0 0 0 0
00956 0000002243 0 0 0 0 0
00957 0000000052 0 0 0 0 0
00958 0000056232 0 0 0 0 0
00959 0000060553 0 0 0 0 0
00960 0000006955 0 0 0 0 0
00961 0000061636 0 0 0 0 0
00962 0000001382 0 0 0 0 0
00963 0000051686 0 0 0 0 0
00964 0000058269 0 0 0 0 0
00965 0000004362 0 0 0 0 0
00966 0000006988 0 0 0 0 0
00967 0000010417 0 0 0 0 0
00968 0000004263 0 0 0 0 0
00969 0000064487 0 0 0 0 0
00970 0000004984 0 0 0 0 0
00971 0000001780 0 0 0 0 0
00972 0000058923 0 0 0 0 0
00973 0000058236 0 0 0 0 0
00974 0000003232 0 0 0 0 0
00975 0000059339 0 0 0 0 0
00976 0000001280 0 0 0 0 0
00977 0000002605 0 0 0 0 0
00978 0000065299 0 0 0 0 0
00979 0000000538 0 0 0 0 0
00980 0000061937 0 0 0 0 0
00981 0000055550 0 0 0 0 0
00982 0000059300 0 0 0 0 0
00983 0000011137 0 0 0 0 0
00984 0000065456 0 0 0 0 0
00985 0000003347 0 0 0 0 0
00986 0000061092 0 0 0 0 0
00987 0000058278 0 0 0 0 0
00988 0000056980 0 0 0 0 0
00989 0000004837 0 0 0 0 0
00990 0000005773 0 0 0 0 0
00991 0000063403 0 0 0 0 0
00992 0000059559 0 0 0 0 0
00993 0000004306 0 0 0 0 0
00994 0000004374 0 0 0 0 0
00995 0000058668 0 0 0 0 0
00996 0000061338 0 0 0 0 0
00997 0000010150 0 0 0 0 0
00998 0000061298 0 0 0 0 0
00999 0000057888 0 0 0 0 0
01000 0000005204 0 0 0 0 0
01001 0000001624 0 0 0 0 0
01002 0000065311 0 0 0 0 0
01003 0000006585 0 0 0 0 0
01004 0000011212 0 0 0 0 0
01005 0000058141 0 0 0 0 0
01006 0000064598 0 0 0 0 0
01007 0000005505 0 0 0 0 0
01008 0000002964 0 0 0 0 0
01009 0000005834 0 0 0 0 0
01010 0000057689 0 0 0 0 0
01011 0000009724 0 0 0 0 0
01012 0000002547 0 0 0 0 0
01013 0000053354 0 0 0 0 0
01014 0000008947 0 0 0 0 0
01015 0000006015 0 0 0 0 0
01016 0000062770 0 0 0 0 0
01017 0000065217 0 0 0 0 0
01018 0000061292 0 0 0 0 0
01019 0000001390 0 0 0 0 0
01020 0000006453 0 0 0 0 0
01021 0000060726 0 0 0 0 0
01022 0000053411 0 0 0 0 0
01023 0000000580 0 0 0 0 0
01024 0000065224 0 0 0 0 0
01025 0000062400 0 0 0 0 0
01026 0000002158 0 0 0 0 0
01027 0000001368 0 0 0 0 0
01028 0000055694 0 0 0 0 0
01029 0000059268 0 0 0 0 0
01030 0000000423 0 0 0 0 0
01031 0000010424 0 0 0 0 0
01032 0000059637 0 0 0 0 0
01033 0000060723 0 0 0 0 0
01034 0000004955 0 0 0 0 0
01035 0000063919 0 0 0 0 0
01036 0000005033 0 0 0 0 0
01037 0000059629 0 0 0 0 0
01038 0000062679 0 0 0 0 0
01039 0000000067 0 0 0 0 0
01040 0000005249 0 0 0 0 0
01041 0000003814 0 0 0 0 0
01042 0000061717 0 0 0 0 0
01043 0000053462 0 0 0 0 0
01044 0000052612 0 0 0 0 0
01045 0000065480 0 0 0 0 0
01046 0000003107 0 0 0 0 0
01047 0000065286 0 0 0 0 0
01048 0000003094 0 0 0 0 0
01049 0000002300 0 0 0 0 0
01050 0000062281 0 0 0 0 0
01051 0000018093 0 0 0 0 0
01052 0000056707 0 0 0 0 0
01053 0000004091 0 0 0 0 0
01054 0000065042 0 0 0 0 0
01055 0000053657 0 0 0 0 0
01056 0000003155 0 0 0 0 0
01057 0000003972 0 0 0 0 0
01058 0000000169 0 0 0 0 0
01059 0000059909 0 0 0 0 0
01060 0000002089 0 0 0 0 0
01061 0000007454 0 0 0 0 0
01062 0000001114 0 0 0 0 0
01063 0000003180 0 0 0 0 0
01064 0000063448 0 0 0 0 0
01065 0000056183 0 0 0 0 0
01066 0000064604 0 0 0 0 0
01067 0000063292 0 0 0 0 0
01068 0000009831 0 0 0 0 0
01069 0000000736 0 0 0 0 0
01070 0000003679 0 0 0 0 0
01071 0000057810 0 0 0 0 0
01072 0000062303 0 0 0 0 0
01073 0000005151 0 0 0 0 0
01074 0000056869 0 0 0 0 0
01075 0000062556 0 0 0 0 0
01076 0000000795 0 0 0 0 0
01077 0000001119 0 0 0 0 0
01078 0000002432 0 0 0 0 0
01079 0000062531 0 0 0 0 0
01080 0000000463 0 0 0 0 0
01081 0000004918 0 0 0 0 0
01082 0000064635 0 0 0 0 0
01083 0000060343 0 0 0 0 0
01084 0000061582 0 0 0 0 0
01085 0000010280 0 0 0 0 0
01086 0000005879 0 0 0 0 0
01087 0000009563 0 0 0 0 0
01088 0000005439 0 0 0 0 0
01089 0000063250 0 0 0 0 0
01090 0000006250 0 0 0 0 0
01091 0000063838 0 0 0 0 0
01092 0000064418 0 0 0 0 0
01093 0000003086 0 0 0 0 0
01094 0000000700 0 0 0 0 0
01095 0000063313 0 0 0 0 0
01096 0000060053 0 0 0 0 0
01097 0000002557 0 0 0 0 0
01098 0000064154 0 0 0 0 0
01099 0000057341 0 0 0 0 0
01100 0000006316 0 0 0 0 0
01101 0000000650 0 0 0 0 0
01102 0000059055 0 0 0 0 0
01103 0000000953 0 0 0 0 0
01104 0000061275 0 0 0 0 0
01105 0000006000 0 0 0 0 0
01106 0000003224 0 0 0 0 0
01107 0000064525 0 0 0 0 0
01108 0000060167 0 0 0 0 0
01109 0000002943 0 0 0 0 0
01110 0000064621 0 0 0 0 0
01111 0000001009 0 0 0 0 0
01112 0000057616 0 0 0 0 0
01113 0000056982 0 0 0 0 0
01114 0000006733 0 0 0 0 0
01115 0000005694 0 0 0 0 0
01116 0000060837 0 0 0 0 0
01117 0000065140 0 0 0 0 0
01118 0000060286 0 0 0 0 0
01119 0000001504 0 0 0 0 0
01120 0000060574 0 0 0 0 0
01121 0000062737 0 0 0 0 0
01122 0000009057 0 0 0 0 0
01123 0000006756 0 0 0 0 0
01124 0000002203 0 0 0 0 0
01125 0000063141 0 0 0 0 0
01126 0000002164 0 0 0 0 0
01127 0000000245 0 0 0 0 0
01128 0000055596 0 0 0 0 0
01129 0000061545 0 0 0 0 0
01130 0000059714 0 0 0 0 0
01131 0000000721 0 0 0 0 0
01132 0000064232 0 0 0 0 0
01133 0000064693 0 0 0 0 0
01134 0000061196 0 0 0 0 0
01135 0000002905 0 0 0 0 0
01136 0000000550 0 0 0 0 0
01137 0000001933 0 0 0 0 0
01138 0000001088 0 0 0 0 0
01139 0000000434 0 0 0 0 0
01140 0000059435 0 0 0 0 0
01141 0000065440 0 0 0 0 0
01142 0000005978 0 0 0 0 0
01143 0000065470 0 0 0 0 0
01144 0000001808 0 0 0 0 0
01145 0000002520 0 0 0 0 0
01146 0000007792 0 0 0 0 0
01147 0000004218 0 0 0 0 0
01148 0000001550 0 0 0 0 0
01149 0000061823 0 0 0 0 0
01150 0000002816 0 0 0 0 0
01151 0000004474 0 0 0 0 0
01152 0000004597 0 0 0 0 0
01153 0000051871 0 0 0 0 0
01154 0000064523 0 0 0 0 0
01155 0000007986 0 0 0 0 0
01156 0000059086 0 0 0 0 0
01157 0000002532 0 0 0 0 0
01158 0000007892 0 0 0 0 0
01159 0000063824 0 0 0 0 0
01160 0000005977 0 0 0 0 0
01161 0000063637 0 0 0 0 0
01162 0000004145 0 0 0 0 0
01163 0000001934 0 0 0 0 0
01164 0000003037 0 0 0 0 0
01165 0000060922 0 0 0 0 0
01166 0000064188 0 0 0 0 0
01167 0000000323 0 0 0 0 0
01168 0000007604 0 0 0 0 0
01169 0000008833 0 0 0 0 0
01170 0000058777 0 0 0 0 0
01171 0000000023 0 0 0 0 0
01172 0000016699 0 0 0 0 0
01173 0000000523 0 0 0 0 0
01174 0000004700 0 0 0 0 0
01175 0000013831 0 0 0 0 0
01176 0000063996 0 0 0 0 0
01177 0000002264 0 0 0 0 0
01178 0000064432 0 0 0 0 0
01179 0000005237 0 0 0 0 0
01180 0000007591 0 0 0 0 0
01181 0000004435 0 0 0 0 0
01182 0000061996 0 0 0 0 0
01183 0000061307 0 0 0 0 0
01184 0000064776 0 0 0 0 0
01185 0000055955 0 0 0 0 0
01186 0000059723 0 0 0 0 0
01187 0000007630 0 0 0 0 0
01188 0000001590 0 0 0 0 0
01189 0000063985 0 0 0 0 0
01190 0000003599 0 0 0 0 0
01191 0000062064 0 0 0 0 0
01192 0000053371 0 0 0 0 0
01193 0000058391 0 0 0 0 0
01194 0000003514 0 0 0 0 0
01195 0000064905 0 0 0 0 0
01196 0000063427 0 0 0 0 0
01197 0000007255 0 0 0 0 0
01198 0000007146 0 0 0 0 0
01199 0000064955 0 0 0 0 0
01200 0000002131 0 0 0 0 0
01201 0000059987 0 0 0 0 0
01202 0000008165 0 0 0 0 0
01203 0000065447 0 0 0 0 0
01204 0000059885 0 0 0 0 0
01205 0000002085 0 0 0 0 0
01206 0000062060 0 0 0 0 0
01207 0000060868 0 0 0 0 0
01208 0000012321 0 0 0 0 0
01209 0000002659 0 0 0 0 0
01210 0000062430 0 0 0 0 0
01211 0000062244 0 0 0 0 0
01212 0000063879 0 0 0 0 0
01213 0000003022 0 0 0 0 0
01214 0000062695 0 0 0 0 0
01215 0000064148 0 0 0 0 0
01216 0000002034 0 0 0 0 0
01217 0000004442 0 0 0 0 0
01218 0000058180 0 0 0 0 0
01219 0000065531 0 0 0 0 0
01220 0000064028 0 0 0 0 0
01221 0000061705 0 0 0 0 0
01222 0000060819 0 0 0 0 0
01223 0000063464 0 0 0 0 0
01224 0000005486 0 0 0 0 0
01225 0000000715 0 0 0 0 0
01226 0000008723 0 0 0 0 0
01227 0000060089 0 0 0 0 0
01228 0000064524 0 0 0 0 0
01229 0000056414 0 0 0 0 0
01230 0000062943 0 0 0 0 0
01231 0000057554 0 0 0 0 0
01232 0000050777 0 0 0 0 0
01233 0000003285 0 0 0 0 0
01234 0000064966 0 0 0 0 0
01235 0000062886 0 0 0 0 0
01236 0000002048 0 0 0 0 0
01237 0000004196 0 0 0 0 0
01238 0000006200 0 0 0 0 0
01239 0000008336 0 0 0 0 0
01240 0000057358 0 0 0 0 0
01241 0000055923 0 0 0 0 0
01242 0000059726 0 0 0 0 0
01243 0000001804 0 0 0 0 0
01244 0000064060 0 0 0 0 0
01245 0000000362 0 0 0 0 0
01246 0000008579 0 0 0 0 0
01247 0000063155 0 0 0 0 0
01248 0000061231 0 0 0 0 0
01249 0000059111 0 0 0 0 0
01250 0000055548 0 0 0 0 0
01251 0000000493 0 0 0 0 0
01252 0000065380 0 0 0 0 0
01253 0000064981 0 0 0 0 0
01254 0000006445 0 0 0 0 0
01255 0000001933 0 0 0 0 0
01256 0000009428 0 0 0 0 0
01257 0000002111 0 0 0 0 0
01258 0000063153 0 0 0 0 0
01259 0000064763 0 0 0 0 0
01260 0000053275 0 0 0 0 0
01261 0000065438 0 0 0 0 0
01262 0000007704 0 0 0 0 0
01263 0000055885 0 0 0 0 0
01264 0000000134 0 0 0 0 0
01265 0000001824 0 0 0 0 0
01266 0000063730 0 0 0 0 0
01267 0000064200 0 0 0 0 0
01268 0000053109 0 0 0 0 0
01269 0000006070 0 0 0 0 0
01270 0000064360 0 0 0 0 0
01271 0000064917 0 0 0 0 0
01272 0000012329 0 0 0 0 0
01273 0000002356 0 0 0 0 0
01274 0000061138 0 0 0 0 0
01275 0000011081 0 0 0 0 0
01276 0000007348 0 0 0 0 0
01277 0000062416 0 0 0 0 0
01278 0000063156 0 0 0 0 0
01279 0000003852 0 0 0 0 0
01280 0000056497 0 0 0 0 0
01281 0000065419 0 0 0 0 0
01282 0000002074 0 0 0 0 0
01283 0000062358 0 0 0 0 0
01284 0000006348 0 0 0 0 0
01285 0000011296 0 0 0 0 0
01286 0000001546 0 0 0 0 0
01287 0000056088 0 0 0 0 0
01288 0000002154 0 0 0 0 0
01289 0000059386 0 0 0 0 0
01290 0000000731 0 0 0 0 0
01291 0000001248 0 0 0 0 0
01292 0000063628 0 0 0 0 0
01293 0000002148 0 0 0 0 0
01294 0000062237 0 0 0 0 0
01295 0000004726 0 0 0 0 0
01296 0000057259 0 0 0 0 0
01297 0000064884 0 0 0 0 0
01298 0000062111 0 0 0 0 0
01299 0000000218 0 0 0 0 0
01300 0000062833 0 0 0 0 0
01301 0000006876 0 0 0 0 0
01302 0000054423 0 0 0 0 0
01303 0000005286 0 0 0 0 0
01304 0000017540 0 0 0 0 0
01305 0000010976 0 0 0 0 0
01306 0000062287 0 0 0 0 0
01307 0000048537 0 0 0 0 0
01308 0000001142 0 0 0 0 0
01309 0000005649 0 0 0 0 0
01310 0000001830 0 0 0 0 0
01311 0000064245 0 0 0 0 0
01312 0000062600 0 0 0 0 0
01313 0000004905 0 0 0 0 0
01314 0000004872 0 0 0 0 0
01315 0000063870 0 0 0 0 0
01316 0000052615 0 0 0 0 0
01317 0000010816 0 0 0 0 0
01318 0000004647 0 0 0 0 0
01319 0000063046 0 0 0 0 0
01320 0000065434 0 0 0 0 0
01321 0000054976 0 0 0 0 0
01322 0000003703 0 0 0 0 0
01323 0000000277 0 0 0 0 0
01324 0000000568 0 0 0 0 0
01325 0000002165 0 0 0 0 0
01326 0000002769 0 0 0 0 0
01327 0000004825 0 0 0 0 0
01328 0000061591 0 0 0 0 0
01329 0000008190 0 0 0 0 0
01330 0000065472 0 0 0 0 0
01331 0000058930 0 0 0 0 0
01332 0000063810 0 0 0 0 0
01333 0000001801 0 0 0 0 0
01334 0000006922 0 0 0 0 0
01335 0000056654 0 0 0 0 0
01336 0000063804 0 0 0 0 0
01337 0000002492 0 0 0 0 0
01338 0000063716 0 0 0 0 0
01339 0000000596 0 0 0 0 0
01340 0000006314 0 0 0 0 0
01341 0000061451 0 0 0 0 0
01342 0000058655 0 0 0 0 0
01343 0000064337 0 0 0 0 0
01344 0000003658 0 0 0 0 0
01345 0000063535 0 0 0 0 0
01346 0000055807 0 0 0 0 0
01347 0000006406 0 0 0 0 0
01348 0000000917 0 0 0 0 0
01349 0000060834 0 0 0 0 0
01350 0000007417 0 0 0 0 0
01351 0000056945 0 0 0 0 0
01352 0000055799 0 0 0 0 0
01353 0000064618 0 0 0 0 0
01354 0000005736 0 0 0 0 0
01355 0000002964 0 0 0 0 0
01356 0000002046 0 0 0 0 0
01357 0000005521 0 0 0 0 0
01358 0000003252 0 0 0 0 0
01359 0000055286 0 0 0 0 0
01360 0000060239 0 0 0 0 0
01361 0000064295 0 0 0 0 0
01362 0000065196 0 0 0 0 0
01363 0000002368 0 0 0 0 0
01364 0000004370 0 0 0 0 0
01365 0000003142 0 0 0 0 0
01366 0000058084 0 0 0 0 0
01367 0000064061 0 0 0 0 0
01368 0000000876 0 0 0 0 0
01369 0000059550 0 0 0 0 0
01370 0000000262 0 0 0 0 0
01371 0000064828 0 0 0 0 0
01372 0000000022 0 0 0 0 0
01373 0000004776 0 0 0 0 0
01374 0000059660 0 0 0 0 0
01375 0000063549 0 0 0 0 0
01376 0000062188 0 0 0 0 0
01377 0000065170 0 0 0 0 0
01378 0000005401 0 0 0 0 0
01379 0000064686 0 0 0 0 0
01380 0000000740 0 0 0 0 0
01381 0000062914 0 0 0 0 0
01382 0000060666 0 0 0 0 0
01383 0000060462 0 0 0 0 0
01384 0000058590 0 0 0 0 0
01385 0000060910 0 0 0 0 0
01386 0000063329 0 0 0 0 0
01387 0000005054 0 0 0 0 0
01388 0000064713 0 0 0 0 0
01389 0000005835 0 0 0 0 0
01390 0000058722 0 0 0 0 0
01391 0000064023 0 0 0 0 0
01392 0000061481 0 0 0 0 0
01393 0000063191 0 0 0 0 0
01394 0000065025 0 0 0 0 0
01395 0000008754 0 0 0 0 0
01396 0000005302 0 0 0 0 0
01397 0000064718 0 0 0 0 0
01398 0000000112 0 0 0 0 0
01399 0000000971 0 0 0 0 0
01400 0000001543 0 0 0 0 0
01401 0000065355 0 0 0 0 0
01402 0000001480 0 0 0 0 0
01403 0000058318 0 0 0 0 0
01404 0000001753 0 0 0 0 0
01405 0000064053 0 0 0 0 0
01406 0000047948 0 0 0 0 0
01407 0000064443 0 0 0 0 0
01408 0000001459 0 0 0 0 0
01409 0000059309 0 0 0 0 0
01410 0000061287 0 0 0 0 0
01411 0000001220 0 0 0 0 0
01412 0000002505 0 0 0 0 0
01413 0000061411 0 0 0 0 0
01414 0000007526 0 0 0 0 0
01415 0000003510 0 0 0 0 0
01416 0000058245 0 0 0 0 0
01417 0000006104 0 0 0 0 0
01418 0000010855 0 0 0 0 0
01419 0000065164 0 0 0 0 0
01420 0000060624 0 0 0 0 0
01421 0000013046 0 0 0 0 0
01422 0000007996 0 0 0 0 0
01423 0000003483 0 0 0 0 0
01424 0000065024 0 0 0 0 0
01425 0000061884 0 0 0 0 0
01426 0000016366 0 0 0 0 0
01427 0000001495 0 0 0 0 0
01428 0000000353 0 0 0 0 0
01429 0000064365 0 0 0 0 0
01430 0000014706 0 0 0 0 0
01431 0000010474 0 0 0 0 0
01432 0000058205 0 0 0 0 0
01433 0000065391 0 0 0 0 0
01434 0000062079 0 0 0 0 0
01435 0000004228 0 0 0 0 0
01436 0000065387 0 0 0 0 0
01437 0000004246 0 0 0 0 0
01438 0000007895 0 0 0 0 0
01439 0000064101 0 0 0 0 0
01440 0000002187 0 0 0 0 0
01441 0000003760 0 0 0 0 0
01442 0000002812 0 0 0 0 0
01443 0000003543 0 0 0 0 0
01444 0000004132 0 0 0 0 0
01445 0000003187 0 0 0 0 0
01446 0000053388 0 0 0 0 0
01447 0000003514 0 0 0 0 0
01448 0000000975 0 0 0 0 0
01449 0000064299 0 0 0 0 0
01450 0000065452 0 0 0 0 0
01451 0000004332 0 0 0 0 0
01452 0000001555 0 0 0 0 0
01453 0000061848 0 0 0 0 0
01454 0000000743 0 0 0 0 0
01455 0000000177 0 0 0 0 0
01456 0000059807 0 0 0 0 0
01457 0000001977 0 0 0 0 0
01458 0000001816 0 0 0 0 0
01459 0000000420 0 0 0 0 0
01460 0000051035 0 0 0 0 0
01461 0000058952 0 0 0 0 0
01462 0000007738 0 0 0 0 0
01463 0000065409 0 0 0 0 0
01464 0000006097 0 0 0 0 0
01465 0000007309 0 0 0 0 0
01466 0000001982 0 0 0 0 0
01467 0000005453 0 0 0 0 0
01468 0000062339 0 0 0 0 0
01469 0000060858 0 0 0 0 0
01470 0000060846 0 0 0 0 0
01471 0000064189 0 0 0 0 0
01472 0000000059 0 0 0 0 0
01473 0000002021 0 0 0 0 0
01474 0000060538 0 0 0 0 0
01475 0000061379 0 0 0 0 0
01476 0000063390 0 0 0 0 0
01477 0000063466 0 0 0 0 0
01478 0000052981 0 0 0 0 0
01479 0000053214 0 0 0 0 0
01480 0000063656 0 0 0 0 0
01481 0000008332 0 0 0 0 0
01482 0000003723 0 0 0 0 0
01483 0000004686 0 0 0 0 0
01484 0000003865 0 0 0 0 0
01485 0000005957 0 0 0 0 0
01486 0000065143 0 0 0 0 0
01487 0000064382 0 0 0 0 0
01488 0000000957 0 0 0 0 0
01489 0000001951 0 0 0 0 0
01490 0000006246 0 0 0 0 0
01491 0000061410 0 0 0 0 0
01492 0000004885 0 0 0 0 0
01493 0000002050 0 0 0 0 0
01494 0000004181 0 0 0 0 0
01495 0000064532 0 0 0 0 0
01496 0000011533 0 0 0 0 0
01497 0000000184 0 0 0 0 0
01498 0000002673 0 0 0 0 0
01499 0000001064 0 0 0 0 0
01500 0000015130 0 0 0 0 0
01501 0000006737 0 0 0 0 0
01502 0000001669 0 0 0 0 0
01503 0000059982 0 0 0 0 0
01504 0000061220 0 0 0 0 0
01505 0000006318 0 0 0 0 0
01506 0000007964 0 0 0 0 0
01507 0000004918 0 0 0 0 0
01508 0000005040 0 0 0 0 0
01509 0000061366 0 0 0 0 0
01510 0000063450 0 0 0 0 0
01511 0000061986 0 0 0 0 0
01512 0000064784 0 0 0 0 0
01513 0000001713 0 0 0 0 0
01514 0000064549 0 0 0 0 0
01515 0000014170 0 0 0 0 0
01516 0000060127 0 0 0 0 0
01517 0000001173 0 0 0 0 0
01518 0000000256 0 0 0 0 0
01519 0000001978 0 0 0 0 0
01520 0000060629 0 0 0 0 0
01521 0000058723 0 0 0 0 0
01522 0000065381 0 0 0 0 0
01523 0000058252 0 0 0 0 0
01524 0000014789 0 0 0 0 0
01525 0000011080 0 0 0 0 0
01526 0000060137 0 0 0 0 0
01527 0000001019 0 0 0 0 0
01528 0000056908 0 0 0 0 0
01529 0000061958 0 0 0 0 0
01530 0000055316 0 0 0 0 0
01531 0000053735 0 0 0 0 0
01532 0000003803 0 0 0 0 0
01533 0000059512 0 0 0 0 0
01534 0000064505 0 0 0 0 0
01535 0000000927 0 0 0 0 0
01536 0000000350 0 0 0 0 0
01537 0000064383 0 0 0 0 0
01538 0000062725 0 0 0 0 0
01539 0000062935 0 0 0 0 0
01540 0000062550 0 0 0 0 0
01541 0000002456 0 0 0 0 0
01542 0000001829 0 0 0 0 0
01543 0000061157 0 0 0 0 0
01544 0000063155 0 0 0 0 0
01545 0000062263 0 0 0 0 0
01546 0000002313 0 0 0 0 0
01547 0000060926 0 0 0 0 0
01548 0000009724 0 0 0 0 0
01549 0000060272 0 0 0 0 0
01550 0000004057 0 0 0 0 0
01551 0000000640 0 0 0 0 0
01552 0000063130 0 0 0 0 0
01553 0000002788 0 0 0 0 0
01554 0000002926 0 0 0 0 0
01555 0000064686 0 0 0 0 0
01556 0000063345 0 0 0 0 0
01557 0000055553 0 0 0 0 0
01558 0000062257 0 0 0 0 0
01559 0000058968 0 0 0 0 0
01560 0000000187 0 0 0 0 0
01561 0000003309 0 0 0 0 0
01562 0000064482 0 0 0 0 0
01563 0000004217 0 0 0 0 0
01564 0000062391 0 0 0 0 0
01565 0000002738 0 0 0 0 0
01566 0000001519 0 0 0 0 0
01567 0000054770 0 0 0 0 0
01568 0000001783 0 0 0 0 0
01569 0000055078 0 0 0 0 0
01570 0000064596 0 0 0 0 0
01571 0000001795 0 0 0 0 0
01572 0000065053 0 0 0 0 0
01573 0000063107 0 0 0 0 0
01574 0000000591 0 0 0 0 0
01575 0000060172 0 0 0 0 0
01576 0000005565 0 0 0 0 0
01577 0000000638 0 0 0 0 0
01578 0000065424 0 0 0 0 0
01579 0000064201 0 0 0 0 0
01580 0000007244 0 0 0 0 0
01581 0000009887 0 0 0 0 0
01582 0000004589 0 0 0 0 0
01583 0000004844 0 0 0 0 0
01584 0000059984 0 0 0 0 0
01585 0000005005 0 0 0 0 0
01586 0000060283 0 0 0 0 0
01587 0000063478 0 0 0 0 0
01588 0000058612 0 0 0 0 0
01589 0000003120 0 0 0 0 0
01590 0000014948 0 0 0 0 0
01591 0000059332 0 0 0 0 0
01592 0000060373 0 0 0 0 0
01593 0000001893 0 0 0 0 0
01594 0000008041 0 0 0 0 0
01595 0000005759 0 0 0 0 0
01596 0000003962 0 0 0 0 0
01597 0000062875 0 0 0 0 0
01598 0000065326 0 0 0 0 0
01599 0000055319 0 0 0 0 0
01600 0000064680 0 0 0 0 0
01601 0000006693 0 0 0 0 0
01602 0000056290 0 0 0 0 0
01603 0000062386 0 0 0 0 0
01604 0000001855 0 0 0 0 0
01605 0000004571 0 0 0 0 0
01606 0000065164 0 0 0 0 0
01607 0000062468 0 0 0 0 0
01608 0000060286 0 0 0 0 0
01609 0000003394 0 0 0 0 0
01610 0000060001 0 0 0 0 0
01611 0000064084 0 0 0 0 0
01612 0000003349 0 0 0 0 0
01613 0000061149 0 0 0 0 0
01614 0000064380 0 0 0 0 0
01615 0000059521 0 0 0 0 0
01616 0000060921 0 0 0 0 0
01617 0000061312 0 0 0 0 0
01618 0000064548 0 0 0 0 0
01619 0000057093 0 0 0 0 0
01620 0000065233 0 0 0 0 0
01621 0000065367 0 0 0 0 0
01622 0000060835 0 0 0 0 0
01623 0000003280 0 0 0 0 0
01624 0000005388 0 0 0 0 0
01625 0000007512 0 0 0 0 0
01626 0000000243 0 0 0 0 0
01627 0000004614 0 0 0 0 0
01628 0000015395 0 0 0 0 0
01629 0000064036 0 0 0 0 0
01630 0000000643 0 0 0 0 0
01631 0000003355 0 0 0 0 0
01632 0000056849 0 0 0 0 0
01633 0000061174 0 0 0 0 0
01634 0000062106 0 0 0 0 0
01635 0000056644 0 0 0 0 0
01636 0000064058 0 0 0 0 0
01637 0000064553 0 0 0 0 0
01638 0000005175 0 0 0 0 0
01639 0000003205 0 0 0 0 0
01640 0000064448 0 0 0 0 0
01641 0000002019 0 0 0 0 0
01642 0000065524 0 0 0 0 0
01643 0000062074 0 0 0 0 0
01644 0000065352 0 0 0 0 0
01645 0000001490 0 0 0 0 0
01646 0000060297 0 0 0 0 0
01647 0000052256 0 0 0 0 0
01648 0000061803 0 0 0 0 0
01649 0000001805 0 0 0 0 0
01650 0000060575 0 0 0 0 0
01651 0000064742 0 0 0 0 0
01652 0000060234 0 0 0 0 0
01653 0000002758 0 0 0 0 0
01654 0000001751 0 0 0 0 0
01655 0000063243 0 0 0 0 0
01656 0000001746 0 0 0 0 0
01657 0000014365 0 0 0 0 0
01658 0000059706 0 0 0 0 0
01659 0000011483 0 0 0 0 0
01660 0000002166 0 0 0 0 0
01661 0000059644 0 0 0 0 0
01662 0000062533 0 0 0 0 0
01663 0000064670 0 0 0 0 0
01664 0000011084 0 0 0 0 0
01665 0000064964 0 0 0 0 0
01666 0000001574 0 0 0 0 0
01667 0000007535 0 0 0 0 0
01668 0000001701 0 0 0 0 0
01669 0000059802 0 0 0 0 0
01670 0000064076 0 0 0 0 0
01671 0000064689 0 0 0 0 0
01672 0000010411 0 0 0 0 0
01673 0000010710 0 0 0 0 0
01674 0000006829 0 0 0 0 0
01675 0000063716 0 0 0 0 0
01676 0000058679 0 0 0 0 0
01677 0000005313 0 0 0 0 0
01678 0000058070 0 0 0 0 0
01679 0000062649 0 0 0 0 0
01680 0000062158 0 0 0 0 0
01681 0000059345 0 0 0 0 0
01682 0000061866 0 0 0 0 0
01683 0000000080 0 0 0 0 0
01684 0000002028 0 0 0 0 0
01685 0000002574 0 0 0 0 0
01686 0000001364 0 0 0 0 0
01687 0000065328 0 0 0 0 0
01688 0000057854 0 0 0 0 0
01689 0000000263 0 0 0 0 0
01690 0000002042 0 0 0 0 0
01691 0000062706 0 0 0 0 0
01692 0000065235 0 0 0 0 0
01693 0000003594 0 0 0 0 0
01694 0000062820 0 0 0 0 0
01695 0000061554 0 0 0 0 0
01696 0000002502 0 0 0 0 0
01697 0000060690 0 0 0 0 0
01698 0000055945 0 0 0 0 0
01699 0000001170 0 0 0 0 0
01700 0000006682 0 0 0 0 0
01701 0000008860 0 0 0 0 0
01702 0000064778 0 0 0 0 0
01703 0000059458 0 0 0 0 0
01704 0000004327 0 0 0 0 0
01705 0000060452 0 0 0 0 0
01706 0000060443 0 0 0 0 0
01707 0000001491 0 0 0 0 0
01708 0000060197 0 0 0 0 0
01709 0000063882 0 0 0 0 0
01710 0000062600 0 0 0 0 0
01711 0000057926 0 0 0 0 0
01712 0000064317 0 0 0 0 0
01713 0000064055 0 0 0 0 0
01714 0000064615 0 0 0 0 0
01715 0000057439 0 0 0 0 0
01716 0000058631 0 0 0 0 0
01717 0000064154 0 0 0 0 0
01718 0000065135 0 0 0 0 0
01719 0000002581 0 0 0 0 0
01720 0000008330 0 0 0 0 0
01721 0000004083 0 0 0 0 0
01722 0000065205 0 0 0 0 0
01723 0000008172 0 0 0 0 0
01724 0000003666 0 0 0 0 0
01725 0000000628 0 0 0 0 0
01726 0000011337 0 0 0 0 0
01727 0000006061 0 0 0 0 0
01728 0000064772 0 0 0 0 0
01729 0000064422 0 0 0 0 0
01730 0000060976 0 0 0 0 0
01731 0000003939 0 0 0 0 0
01732 0000058877 0 0 0 0 0
01733 0000061737 0 0 0 0 0
01734 0000000195 0 0 0 0 0
01735 0000003859 0 0 0 0 0
01736 0000057844 0 0 0 0 0
01737 0000001286 0 0 0 0 0
01738 0000005787 0 0 0 0 0
01739 0000064752 0 0 0 0 0
01740 0000063294 0 0 0 0 0
01741 0000060033 0 0 0 0 0
01742 0000004099 0 0 0 0 0
01743 0000004215 0 0 0 0 0
01744 0000001046 0 0 0 0 0
01745 0000000586 0 0 0 0 0
01746 0000064994 0 0 0 0 0
01747 0000057840 0 0 0 0 0
01748 0000065436 0 0 0 0 0
01749 0000005205 0 0 0 0 0
01750 0000001212 0 0 0 0 0
01751 0000060445 0 0 0 0 0
01752 0000004566 0 0 0 0 0
01753 0000004986 0 0 0 0 0
01754 0000003444 0 0 0 0 0
01755 0000000387 0 0 0 0 0
01756 0000060195 0 0 0 0 0
01757 0000059003 0 0 0 0 0
01758 0000005205 0 0 0 0 0
01759 0000058234 0 0 0 0 0
01760 0000004895 0 0 0 0 0
01761 0000062317 0 0 0 0 0
01762 0000001479 0 0 0 0 0
01763 0000064938 0 0 0 0 0
01764 0000061481 0 0 0 0 0
01765 0000061397 0 0 0 0 0
01766 0000000030 0 0 0 0 0
01767 0000002000 0 0 0 0 0
01768 0000064339 0 0 0 0 0
01769 0000061399 0 0 0 0 0
01770 0000064302 0 0 0 0 0
01771 0000064184 0 0 0 0 0
01772 0000003743 0 0 0 0 0
01773 0000064953 0 0 0 0 0
01774 0000001346 0 0 0 0 0
01775 0000002331 0 0 0 0 0
01776 0000000164 0 0 0 0 0
01777 0000060210 0 0 0 0 0
01778 0000058972 0 0 0 0 0
01779 0000054176 0 0 0 0 0
01780 0000013806 0 0 0 0 0
01781 0000000737 0 0 0 0 0
01782 0000055166 0 0 0 0 0
01783 0000010144 0 0 0 0 0
01784 0000004757 0 0 0 0 0
01785 0000000252 0 0 0 0 0
01786 0000063410 0 0 0 0 0
01787 0000063102 0 0 0 0 0
01788 0000057742 0 0 0 0 0
01789 0000064791 0 0 0 0 0
01790 0000005474 0 0 0 0 0
01791 0000064662 0 0 0 0 0
01792 0000002489 0 0 0 0 0
01793 0000002834 0 0 0 0 0
01794 0000003875 0 0 0 0 0
01795 0000062978 0 0 0 0 0
01796 0000057977 0 0 0 0 0
01797 0000059258 0 0 0 0 0
01798 0000063695 0 0 0 0 0
01799 0000059834 0 0 0 0 0
01800 0000002357 0 0 0 0 0
01801 0000001369 0 0 0 0 0
01802 0000006861 0 0 0 0 0
01803 0000006600 0 0 0 0 0
01804 0000004839 0 0 0 0 0
01805 0000007834 0 0 0 0 0
01806 0000065144 0 0 0 0 0
01807 0000010450 0 0 0 0 0
01808 0000004543 0 0 0 0 0
01809 0000001996 0 0 0 0 0
01810 0000059156 0 0 0 0 0
01811 0000056039 0 0 0 0 0
01812 0000063959 0 0 0 0 0
01813 0000004324 0 0 0 0 0
01814 0000063974 0 0 0 0 0
01815 0000064765 0 0 0 0 0
01816 0000058466 0 0 0 0 0
01817 0000060096 0 0 0 0 0
01818 0000065013 0 0 0 0 0
01819 0000054058 0 0 0 0 0
01820 0000053236 0 0 0 0 0
01821 0000060784 0 0 0 0 0
01822 0000060338 0 0 0 0 0
01823 0000003441 0 0 0 0 0
01824 0000001541 0 0 0 0 0
01825 0000002699 0 0 0 0 0
01826 0000002085 0 0 0 0 0
01827 0000004392 0 0 0 0 0
01828 0000001183 0 0 0 0 0
01829 0000000992 0 0 0 0 0
01830 0000057837 0 0 0 0 0
01831 0000058747 0 0 0 0 0
01832 0000065486 0 0 0 0 0
01833 0000002484 0 0 0 0 0
01834 0000064283 0 0 0 0 0
01835 0000063587 0 0 0 0 0
01836 0000000986 0 0 0 0 0
01837 0000064930 0 0 0 0 0
01838 0000001863 0 0 0 0 0
01839 0000049703 0 0 0 0 0
01840 0000057720 0 0 0 0 0
01841 0000010128 0 0 0 0 0
01842 0000001264 0 0 0 0 0
01843 0000058018 0 0 0 0 0
01844 0000059787 0 0 0 0 0
01845 0000007517 0 0 0 0 0
01846 0000061757 0 0 0 0 0
01847 0000064662 0 0 0 0 0
01848 0000061432 0 0 0 0 0
01849 0000004207 0 0 0 0 0
01850 0000002835 0 0 0 0 0
01851 0000062330 0 0 0 0 0
01852 0000065075 0 0 0 0 0
01853 0000001586 0 0 0 0 0
01854 0000009887 0 0 0 0 0
01855 0000008495 0 0 0 0 0
01856 0000062048 0 0 0 0 0
01857 0000057778 0 0 0 0 0
01858 0000000184 0 0 0 0 0
01859 0000065117 0 0 0 0 0
01860 0000002145 0 0 0 0 0
01861 0000005094 0 0 0 0 0
01862 0000063777 0 0 0 0 0
01863 0000009033 0 0 0 0 0
01864 0000001996 0 0 0 0 0
01865 0000001833 0 0 0 0 0
01866 0000053486 0 0 0 0 0
01867 0000063971 0 0 0 0 0
01868 0000006635 0 0 0 0 0
01869 0000061983 0 0 0 0 0
01870 0000062376 0 0 0 0 0
01871 0000000807 0 0 0 0 0
01872 0000057902 0 0 0 0 0
01873 0000065069 0 0 0 0 0
01874 0000059357 0 0 0 0 0
01875 0000008587 0 0 0 0 0
01876 0000003185 0 0 0 0 0
01877 0000057127 0 0 0 0 0
01878 0000058177 0 0 0 0 0
01879 0000060887 0 0 0 0 0
01880 0000062586 0 0 0 0 0
01881 0000054087 0 0 0 0 0
01882 0000064603 0 0 0 0 0
01883 0000001914 0 0 0 0 0
01884 0000006258 0 0 0 0 0
01885 0000063554 0 0 0 0 0
01886 0000063159 0 0 0 0 0
01887 0000001680 0 0 0 0 0
01888 0000005950 0 0 0 0 0
01889 0000064485 0 0 0 0 0
01890 0000007811 0 0 0 0 0
01891 0000058221 0 0 0 0 0
01892 0000002509 0 0 0 0 0
01893 0000009289 0 0 0 0 0
01894 0000002932 0 0 0 0 0
01895 0000063463 0 0 0 0 0
01896 0000062407 0 0 0 0 0
01897 0000060651 0 0 0 0 0
01898 0000006215 0 0 0 0 0
01899 0000061325 0 0 0 0 0
01900 0000063513 0 0 0 0 0
01901 0000057320 0 0 0 0 0
01902 0000010954 0 0 0 0 0
01903 0000058040 0 0 0 0 0
01904 0000004169 0 0 0 0 0
01905 0000058763 0 0 0 0 0
01906 0000000897 0 0 0 0 0
01907 0000003008 0 0 0 0 0
01908 0000062636 0 0 0 0 0
01909 0000053007 0 0 0 0 0
01910 0000058861 0 0 0 0 0
01911 0000064868 0 0 0 0 0
01912 0000000302 0 0 0 0 0
01913 0000002953 0 0 0 0 0
01914 0000061762 0 0 0 0 0
01915 0000006120 0 0 0 0 0
01916 0000065037 0 0 0 0 0
01917 0000062637 0 0 0 0 0
01918 0000001037 0 0 0 0 0
01919 0000061392 0 0 0 0 0
01920 0000056262 0 0 0 0 0
01921 0000063203 0 0 0 0 0
01922 0000065513 0 0 0 0 0
01923 0000003057 0 0 0 0 0
01924 0000061471 0 0 0 0 0
01925 0000058861 0 0 0 0 0
01926 0000063913 0 0 0 0 0
01927 0000062421 0 0 0 0 0
01928 0000061465 0 0 0 0 0
01929 0000000678 0 0 0 0 0
01930 0000065460 0 0 0 0 0
01931 0000006248 0 0 0 0 0
01932 0000008890 0 0 0 0 0
01933 0000053488 0 0 0 0 0
01934 0000009649 0 0 0 0 0
01935 0000063237 0 0 0 0 0
01936 0000062247 0 0 0 0 0
01937 0000005817 0 0 0 0 0
01938 0000064506 0 0 0 0 0
01939 0000063530 0 0 0 0 0
01940 0000007994 0 0 0 0 0
01941 0000004781 0 0 0 0 0
01942 0000063345 0 0 0 0 0
01943 0000000228 0 0 0 0 0
01944 0000000207 0 0 0 0 0
01945 0000003330 0 0 0 0 0
01946 0000060313 0 0 0 0 0
01947 0000001468 0 0 0 0 0
01948 0000063675 0 0 0 0 0
01949 0000010266 0 0 0 0 0
01950 0000001871 0 0 0 0 0
01951 0000007344 0 0 0 0 0
01952 0000055825 0 0 0 0 0
01953 0000002019 0 0 0 0 0
01954 0000003854 0 0 0 0 0
01955 0000060276 0 0 0 0 0
01956 0000063892 0 0 0 0 0
01957 0000062498 0 0 0 0 0
01958 0000003894 0 0 0 0 0
01959 0000063115 0 0 0 0 0
01960 0000001865 0 0 0 0 0
01961 0000001164 0 0 0 0 0
01962 0000006912 0 0 0 0 0
01963 0000000806 0 0 0 0 0
01964 0000063835 0 0 0 0 0
01965 0000004496 0 0 0 0 0
01966 0000060839 0 0 0 0 0
01967 0000006034 0 0 0 0 0
01968 0000063688 0 0 0 0 0
01969 0000062323 0 0 0 0 0
01970 0000062149 0 0 0 0 0
01971 0000000698 0 0 0 0 0
01972 0000008844 0 0 0 0 0
01973 0000001987 0 0 0 0 0
01974 0000004393 0 0 0 0 0
01975 0000008662 0 0 0 0 0
01976 0000005749 0 0 0 0 0
01977 0000063731 0 0 0 0 0
01978 0000058473 0 0 0 0 0
01979 0000061822 0 0 0 0 0
01980 0000000597 0 0 0 0 0
01981 0000005821 0 0 0 0 0
01982 0000064329 0 0 0 0 0
01983 0000001155 0 0 0 0 0
01984 0000063089 0 0 0 0 0
01985 0000002830 0 0 0 0 0
01986 0000000458 0 0 0 0 0
01987 0000007822 0 0 0 0 0
01988 0000005949 0 0 0 0 0
01989 0000003666 0 0 0 0 0
01990 0000000921 0 0 0 0 0
01991 0000055940 0 0 0 0 0
01992 0000005070 0 0 0 0 0
01993 0000063264 0 0 0 0 0
01994 0000061614 0 0 0 0 0
01995 0000004550 0 0 0 0 0
01996 0000064847 0 0 0 0 0
01997 0000061704 0 0 0 0 0
01998 0000060848 0 0 0 0 0
01999 0000002328 0 0 0 0 0
02000 0000004906 0 0 0 0 0
02001 0000000379 0 0 0 0 0
02002 0000000074 0 0 0 0 0
02003 0000059668 0 0 0 0 0
02004 0000059699 0 0 0 0 0
02005 0000058504 0 0 0 0 0
02006 0000060149 0 0 0 0 0
02007 0000062004 0 0 0 0 0
02008 0000057273 0 0 0 0 0
02009 0000058901 0 0 0 0 0
02010 0000063096 0 0 0 0 0
02011 0000065039 0 0 0 0 0
02012 0000058745 0 0 0 0 0
02013 0000004636 0 0 0 0 0
02014 0000005398 0 0 0 0 0
02015 0000005354 0 0 0 0 0
02016 0000002914 0 0 0 0 0
02017 0000009681 0 0 0 0 0
02018 0000062462 0 0 0 0 0
02019 0000000686 0 0 0 0 0
02020 0000056622 0 0 0 0 0
02021 0000065081 0 0 0 0 0
02022 0000015873 0 0 0 0 0
02023 0000059511 0 0 0 0 0
02024 0000057687 0 0 0 0 0
02025 0000003300 0 0 0 0 0
02026 0000064358 0 0 0 0 0
02027 0000063411 0 0 0 0 0
02028 0000001164 0 0 0 0 0
02029 0000058791 0 0 0 0 0
02030 0000000148 0 0 0 0 0
02031 0000005186 0 0 0 0 0
02032 0000057773 0 0 0 0 0
02033 0000004859 0 0 0 0 0
02034 0000052467 0 0 0 0 0
02035 0000060968 0 0 0 0 0
02036 0000003649 0 0 0 0 0
02037 0000063858 0 0 0 0 0
02038 0000063376 0 0 0 0 0
02039 0000064077 0 0 0 0 0
02040 0000063625 0 0 0 0 0
02041 0000053648 0 0 0 0 0
02042 0000064452 0 0 0 0 0
02043 0000006086 0 0 0 0 0
02044 0000002563 0 0 0 0 0
02045 0000061197 0 0 0 0 0
02046 0000064087 0 0 0 0 0
02047 0000064263 0 0 0 0 0
  0 0 0 0 0
