00000 0315812362 0 0 0 0 0
00001 0116976916 0 0 0 0 0
00002 -097775337 0 0 0 0 0
00003 0151574013 0 0 0 0 0
00004 0584184298 0 0 0 0 0
00005 0003853586 0 0 0 0 0
00006 0838726615 0 0 0 0 0
00007 0202616588 0 0 0 0 0
00008 -350682868 0 0 0 0 0
00009 -218368780 0 0 0 0 0
00010 0016515100 0 0 0 0 0
00011 0154077429 0 0 0 0 0
00012 1054670624 0 0 0 0 0
00013 -954581992 0 0 0 0 0
00014 -187901981 0 0 0 0 0
00015 0011436160 0 0 0 0 0
00016 0846034016 0 0 0 0 0
00017 0524302666 0 0 0 0 0
00018 -198306040 0 0 0 0 0
00019 0337437736 0 0 0 0 0
00020 -552796156 0 0 0 0 0
00021 0182439979 0 0 0 0 0
00022 -169286382 0 0 0 0 0
00023 0368509704 0 0 0 0 0
00024 0017951733 0 0 0 0 0
00025 -220583447 0 0 0 0 0
00026 -335614496 0 0 0 0 0
00027 0047846932 0 0 0 0 0
00028 -204541673 0 0 0 0 0
00029 -382272243 0 0 0 0 0
00030 0873069565 0 0 0 0 0
00031 -202315328 0 0 0 0 0
00032 -1241708540 0 0 0 0 0
00033 -132695039 0 0 0 0 0
00034 0050007198 0 0 0 0 0
00035 -520947975 0 0 0 0 0
00036 0268040484 0 0 0 0 0
00037 0703584514 0 0 0 0 0
00038 -855960840 0 0 0 0 0
00039 -434818828 0 0 0 0 0
00040 0049742543 0 0 0 0 0
00041 -485221893 0 0 0 0 0
00042 0554169585 0 0 0 0 0
00043 -335743736 0 0 0 0 0
00044 -051105594 0 0 0 0 0
00045 0904852462 0 0 0 0 0
00046 -821235722 0 0 0 0 0
00047 0235412983 0 0 0 0 0
00048 0284025601 0 0 0 0 0
00049 -234226163 0 0 0 0 0
00050 -368503879 0 0 0 0 0
00051 0252442619 0 0 0 0 0
00052 -837556975 0 0 0 0 0
00053 -265022220 0 0 0 0 0
00054 -032704246 0 0 0 0 0
00055 -066581279 0 0 0 0 0
00056 0053406433 0 0 0 0 0
00057 -672077835 0 0 0 0 0
00058 0905190140 0 0 0 0 0
00059 -183514860 0 0 0 0 0
00060 -452127241 0 0 0 0 0
00061 -253233666 0 0 0 0 0
00062 -772270031 0 0 0 0 0
00063 -080283131 0 0 0 0 0
00064 -019861028 0 0 0 0 0
00065 0201195809 0 0 0 0 0
00066 0032568573 0 0 0 0 0
00067 -151784695 0 0 0 0 0
00068 -482676436 0 0 0 0 0
00069 0300880367 0 0 0 0 0
00070 -017570312 0 0 0 0 0
00071 -336203781 0 0 0 0 0
00072 -151974596 0 0 0 0 0
00073 0687928607 0 0 0 0 0
00074 -1023875819 0 0 0 0 0
00075 -368445209 0 0 0 0 0
00076 -301853640 0 0 0 0 0
00077 0484774901 0 0 0 0 0
00078 0434879750 0 0 0 0 0
00079 0117976298 0 0 0 0 0
00080 1022083543 0 0 0 0 0
00081 -775206858 0 0 0 0 0
00082 -297598243 0 0 0 0 0
00083 0520812261 0 0 0 0 0
00084 0873381570 0 0 0 0 0
00085 0790622963 0 0 0 0 0
00086 0366680609 0 0 0 0 0
00087 -774325759 0 0 0 0 0
00088 -017821671 0 0 0 0 0
00089 0353899752 0 0 0 0 0
00090 -166591263 0 0 0 0 0
00091 0064111617 0 0 0 0 0
00092 -266349331 0 0 0 0 0
00093 -536661017 0 0 0 0 0
00094 -201132261 0 0 0 0 0
00095 0353244890 0 0 0 0 0
00096 0336642546 0 0 0 0 0
00097 0521388288 0 0 0 0 0
00098 0084740097 0 0 0 0 0
00099 -502984761 0 0 0 0 0
00100 -634383609 0 0 0 0 0
00101 0685108740 0 0 0 0 0
00102 -352510216 0 0 0 0 0
00103 0066452222 0 0 0 0 0
00104 -490401989 0 0 0 0 0
00105 0957741787 0 0 0 0 0
00106 0402460127 0 0 0 0 0
00107 -623770356 0 0 0 0 0
00108 0134872062 0 0 0 0 0
00109 0726130142 0 0 0 0 0
00110 0970651915 0 0 0 0 0
00111 0150590886 0 0 0 0 0
00112 0387520515 0 0 0 0 0
00113 0352194531 0 0 0 0 0
00114 0184485068 0 0 0 0 0
00115 0639939837 0 0 0 0 0
00116 0081392430 0 0 0 0 0
00117 0086565821 0 0 0 0 0
00118 0519832576 0 0 0 0 0
00119 -824181462 0 0 0 0 0
00120 -954200314 0 0 0 0 0
00121 0066066182 0 0 0 0 0
00122 -200869361 0 0 0 0 0
00123 0031986173 0 0 0 0 0
00124 0368635904 0 0 0 0 0
00125 -086825967 0 0 0 0 0
00126 -335216161 0 0 0 0 0
00127 -403440361 0 0 0 0 0
00128 0805960461 0 0 0 0 0
00129 0350808813 0 0 0 0 0
00130 0550442500 0 0 0 0 0
00131 0284626464 0 0 0 0 0
00132 0417522933 0 0 0 0 0
00133 0216200937 0 0 0 0 0
00134 -232657380 0 0 0 0 0
00135 0838398673 0 0 0 0 0
00136 -1143072988 0 0 0 0 0
00137 0552798488 0 0 0 0 0
00138 -385345035 0 0 0 0 0
00139 0571396092 0 0 0 0 0
00140 -722280434 0 0 0 0 0
00141 0316415004 0 0 0 0 0
00142 0734650389 0 0 0 0 0
00143 -500689147 0 0 0 0 0
00144 -455273990 0 0 0 0 0
00145 0017100791 0 0 0 0 0
00146 -403894741 0 0 0 0 0
00147 0233245968 0 0 0 0 0
00148 -402319633 0 0 0 0 0
00149 -420804578 0 0 0 0 0
00150 -1023854865 0 0 0 0 0
00151 -402641921 0 0 0 0 0
00152 -133357826 0 0 0 0 0
00153 -418576900 0 0 0 0 0
00154 -135917577 0 0 0 0 0
00155 0182314289 0 0 0 0 0
00156 -706014949 0 0 0 0 0
00157 0468775164 0 0 0 0 0
00158 -66967294 0 0 0 0 0
00159 0589817822 0 0 0 0 0
00160 0416861949 0 0 0 0 0
00161 -318504412 0 0 0 0 0
00162 -805050853 0 0 0 0 0
00163 -187233000 0 0 0 0 0
00164 -317458645 0 0 0 0 0
00165 -268039660 0 0 0 0 0
00166 0655091675 0 0 0 0 0
00167 0249604142 0 0 0 0 0
00168 0287633446 0 0 0 0 0
00169 0016180943 0 0 0 0 0
00170 0521991939 0 0 0 0 0
00171 -81918739 0 0 0 0 0
00172 -570686989 0 0 0 0 0
00173 -421986574 0 0 0 0 0
00174 -1271196872 0 0 0 0 0
00175 1239881716 0 0 0 0 0
00176 0822272473 0 0 0 0 0
00177 -538700822 0 0 0 0 0
00178 -217908962 0 0 0 0 0
00179 -187426814 0 0 0 0 0
00180 0287703555 0 0 0 0 0
00181 0033158898 0 0 0 0 0
00182 0433847059 0 0 0 0 0
00183 0169212126 0 0 0 0 0
00184 -303037179 0 0 0 0 0
00185 -49148945 0 0 0 0 0
00186 0739693314 0 0 0 0 0
00187 0386077395 0 0 0 0 0
00188 0136101880 0 0 0 0 0
00189 0101367554 0 0 0 0 0
00190 0000589329 0 0 0 0 0
00191 -163966749 0 0 0 0 0
00192 0284619000 0 0 0 0 0
00193 0432986108 0 0 0 0 0
00194 -902808083 0 0 0 0 0
00195 -151466445 0 0 0 0 0
00196 -386400506 0 0 0 0 0
00197 -789506307 0 0 0 0 0
00198 -116966899 0 0 0 0 0
00199 -605551368 0 0 0 0 0
00200 0417599281 0 0 0 0 0
00201 0148632810 0 0 0 0 0
00202 -338091486 0 0 0 0 0
00203 -654100209 0 0 0 0 0
00204 -621412360 0 0 0 0 0
00205 0199429133 0 0 0 0 0
00206 0084875997 0 0 0 0 0
00207 -602544374 0 0 0 0 0
00208 0856359666 0 0 0 0 0
00209 -402782479 0 0 0 0 0
00210 -1068700414 0 0 0 0 0
00211 0852424445 0 0 0 0 0
00212 -184866813 0 0 0 0 0
00213 -674623238 0 0 0 0 0
00214 0099821337 0 0 0 0 0
00215 0149939990 0 0 0 0 0
00216 -118612491 0 0 0 0 0
00217 0974313490 0 0 0 0 0
00218 0051106522 0 0 0 0 0
00219 -217842683 0 0 0 0 0
00220 -449316877 0 0 0 0 0
00221 0637602069 0 0 0 0 0
00222 -440476177 0 0 0 0 0
00223 0219414809 0 0 0 0 0
00224 -067832291 0 0 0 0 0
00225 0103012364 0 0 0 0 0
00226 -688579591 0 0 0 0 0
00227 -050852126 0 0 0 0 0
00228 -053865439 0 0 0 0 0
00229 0318564386 0 0 0 0 0
00230 0072283629 0 0 0 0 0
00231 0752214746 0 0 0 0 0
00232 -217710368 0 0 0 0 0
00233 -082045713 0 0 0 0 0
00234 -318430988 0 0 0 0 0
00235 -519822621 0 0 0 0 0
00236 0333249305 0 0 0 0 0
00237 -316020981 0 0 0 0 0
00238 0218437851 0 0 0 0 0
00239 0183762944 0 0 0 0 0
00240 0220195019 0 0 0 0 0
00241 0269152268 0 0 0 0 0
00242 -620952577 0 0 0 0 0
00243 -1022884857 0 0 0 0 0
00244 0335881172 0 0 0 0 0
00245 -420209644 0 0 0 0 0
00246 0333381100 0 0 0 0 0
00247 0233317666 0 0 0 0 0
00248 -352518131 0 0 0 0 0
00249 0435866114 0 0 0 0 0
00250 -069007342 0 0 0 0 0
00251 0803405084 0 0 0 0 0
00252 -1072098832 0 0 0 0 0
00253 -687521581 0 0 0 0 0
00254 0636624342 0 0 0 0 0
00255 -336068327 0 0 0 0 0
00256 -137815018 0 0 0 0 0
00257 -872811207 0 0 0 0 0
00258 -285668867 0 0 0 0 0
00259 -167048209 0 0 0 0 0
00260 0080942879 0 0 0 0 0
00261 -135195642 0 0 0 0 0
00262 -231809772 0 0 0 0 0
00263 -068159745 0 0 0 0 0
00264 0218951939 0 0 0 0 0
00265 -654514411 0 0 0 0 0
00266 -370538726 0 0 0 0 0
00267 -286854338 0 0 0 0 0
00268 -704958167 0 0 0 0 0
00269 0097120543 0 0 0 0 0
00270 -100210905 0 0 0 0 0
00271 1174463966 0 0 0 0 0
00272 0602337566 0 0 0 0 0
00273 -638583792 0 0 0 0 0
00274 0601879523 0 0 0 0 0
00275 0449780761 0 0 0 0 0
00276 -217378841 0 0 0 0 0
00277 0249045526 0 0 0 0 0
00278 0334749923 0 0 0 0 0
00279 -98037238 0 0 0 0 0
00280 -185466142 0 0 0 0 0
00281 -1277808651 0 0 0 0 0
00282 -35061442 0 0 0 0 0
00283 0169355510 0 0 0 0 0
00284 0552933355 0 0 0 0 0
00285 0100322040 0 0 0 0 0
00286 -772006637 0 0 0 0 0
00287 0032705794 0 0 0 0 0
00288 -505354470 0 0 0 0 0
00289 0134753801 0 0 0 0 0
00290 -384564768 0 0 0 0 0
00291 0132912391 0 0 0 0 0
00292 0503113944 0 0 0 0 0
00293 -601874944 0 0 0 0 0
00294 -721416429 0 0 0 0 0
00295 -218290733 0 0 0 0 0
00296 0439673574 0 0 0 0 0
00297 -252053763 0 0 0 0 0
00298 0436264223 0 0 0 0 0
00299 -537198863 0 0 0 0 0
00300 0268757545 0 0 0 0 0
00301 0067158543 0 0 0 0 0
00302 -183237880 0 0 0 0 0
00303 0233435145 0 0 0 0 0
00304 -49020399 0 0 0 0 0
00305 -118103051 0 0 0 0 0
00306 -334045644 0 0 0 0 0
00307 0337954578 0 0 0 0 0
00308 -304088027 0 0 0 0 0
00309 0219731445 0 0 0 0 0
00310 0719976937 0 0 0 0 0
00311 0016125235 0 0 0 0 0
00312 0687797970 0 0 0 0 0
00313 0271185362 0 0 0 0 0
00314 -31926296 0 0 0 0 0
00315 0118689262 0 0 0 0 0
00316 -215559961 0 0 0 0 0
00317 -202170606 0 0 0 0 0
00318 0134353888 0 0 0 0 0
00319 -635299630 0 0 0 0 0
00320 0469688586 0 0 0 0 0
00321 0921754909 0 0 0 0 0
00322 0018935533 0 0 0 0 0
00323 0484960481 0 0 0 0 0
00324 0372293882 0 0 0 0 0
00325 0117772776 0 0 0 0 0
00326 0724236790 0 0 0 0 0
00327 0018470333 0 0 0 0 0
00328 0017953043 0 0 0 0 0
00329 -336592626 0 0 0 0 0
00330 -101129227 0 0 0 0 0
00331 0333453337 0 0 0 0 0
00332 -101659107 0 0 0 0 0
00333 0185925662 0 0 0 0 0
00334 0033547759 0 0 0 0 0
00335 0147916320 0 0 0 0 0
00336 -53337873 0 0 0 0 0
00337 -114031860 0 0 0 0 0
00338 -203742240 0 0 0 0 0
00339 -753326845 0 0 0 0 0
00340 0165676280 0 0 0 0 0
00341 0688848619 0 0 0 0 0
00342 -402850052 0 0 0 0 0
00343 0251383052 0 0 0 0 0
00344 0336532485 0 0 0 0 0
00345 0066641139 0 0 0 0 0
00346 0854069962 0 0 0 0 0
00347 -201330616 0 0 0 0 0
00348 -352195861 0 0 0 0 0
00349 -267646955 0 0 0 0 0
00350 -988146682 0 0 0 0 0
00351 -32831781 0 0 0 0 0
00352 -303693229 0 0 0 0 0
00353 -385423143 0 0 0 0 0
00354 -49081340 0 0 0 0 0
00355 -502794962 0 0 0 0 0
00356 -105240072 0 0 0 0 0
00357 -432927722 0 0 0 0 0
00358 0772543177 0 0 0 0 0
00359 -268641584 0 0 0 0 0
00360 0635827493 0 0 0 0 0
00361 0585490219 0 0 0 0 0
00362 0150859275 0 0 0 0 0
00363 0267830511 0 0 0 0 0
00364 -103865291 0 0 0 0 0
00365 0401932777 0 0 0 0 0
00366 0151069966 0 0 0 0 0
00367 0821427924 0 0 0 0 0
00368 0369553092 0 0 0 0 0
00369 -50923245 0 0 0 0 0
00370 -319278361 0 0 0 0 0
00371 0367198705 0 0 0 0 0
00372 0049948935 0 0 0 0 0
00373 0033678585 0 0 0 0 0
00374 -573376488 0 0 0 0 0
00375 -453310696 0 0 0 0 0
00376 0049811498 0 0 0 0 0
00377 -672930551 0 0 0 0 0
00378 -972932031 0 0 0 0 0
00379 0519039493 0 0 0 0 0
00380 -319751391 0 0 0 0 0
00381 -33889294 0 0 0 0 0
00382 -17683672 0 0 0 0 0
00383 0365880820 0 0 0 0 0
00384 1206520074 0 0 0 0 0
00385 0315939332 0 0 0 0 0
00386 -586991382 0 0 0 0 0
00387 -838330913 0 0 0 0 0
00388 0753870072 0 0 0 0 0
00389 0134998037 0 0 0 0 0
00390 -135268391 0 0 0 0 0
00391 -972483046 0 0 0 0 0
00392 -501740520 0 0 0 0 0
00393 0403503588 0 0 0 0 0
00394 -118674456 0 0 0 0 0
00395 0152490232 0 0 0 0 0
00396 -149810447 0 0 0 0 0
00397 -000072200 0 0 0 0 0
00398 -923389684 0 0 0 0 0
00399 0452661260 0 0 0 0 0
00400 -420803335 0 0 0 0 0
00401 -184355342 0 0 0 0 0
00402 -49533696 0 0 0 0 0
00403 -16397782 0 0 0 0 0
00404 -638312983 0 0 0 0 0
00405 -136570329 0 0 0 0 0
00406 0117503263 0 0 0 0 0
00407 0185069763 0 0 0 0 0
00408 0201324818 0 0 0 0 0
00409 0001897964 0 0 0 0 0
00410 -655415830 0 0 0 0 0
00411 -557241031 0 0 0 0 0
00412 0667358967 0 0 0 0 0
00413 -286120464 0 0 0 0 0
00414 -237232612 0 0 0 0 0
00415 -470357493 0 0 0 0 0
00416 0303233552 0 0 0 0 0
00417 -385610730 0 0 0 0 0
00418 0473295074 0 0 0 0 0
00419 -285736252 0 0 0 0 0
00420 0016257571 0 0 0 0 0
00421 0299431683 0 0 0 0 0
00422 0065069597 0 0 0 0 0
00423 -183041789 0 0 0 0 0
00424 0217522629 0 0 0 0 0
00425 0572844031 0 0 0 0 0
00426 -737670419 0 0 0 0 0
00427 -85262600 0 0 0 0 0
00428 0792261602 0 0 0 0 0
00429 0586806475 0 0 0 0 0
00430 -521274320 0 0 0 0 0
00431 0320727796 0 0 0 0 0
00432 -654046996 0 0 0 0 0
00433 0165539335 0 0 0 0 0
00434 -84469726 0 0 0 0 0
00435 0565838874 0 0 0 0 0
00436 -372104931 0 0 0 0 0
00437 0502853105 0 0 0 0 0
00438 0370931447 0 0 0 0 0
00439 0200283360 0 0 0 0 0
00440 0052950242 0 0 0 0 0
00441 -35513613 0 0 0 0 0
00442 -169666333 0 0 0 0 0
00443 -253756091 0 0 0 0 0
00444 -15918349 0 0 0 0 0
00445 -634985234 0 0 0 0 0
00446 0200610539 0 0 0 0 0
00447 0118356741 0 0 0 0 0
00448 -624678637 0 0 0 0 0
00449 -302823184 0 0 0 0 0
00450 -101845497 0 0 0 0 0
00451 -134862072 0 0 0 0 0
00452 0285081041 0 0 0 0 0
00453 -168422896 0 0 0 0 0
00454 0469497078 0 0 0 0 0
00455 0016449550 0 0 0 0 0
00456 -1239465485 0 0 0 0 0
00457 -671404605 0 0 0 0 0
00458 0451278605 0 0 0 0 0
00459 0166593294 0 0 0 0 0
00460 -420798442 0 0 0 0 0
00461 0401807582 0 0 0 0 0
00462 0754573559 0 0 0 0 0
00463 0234809075 0 0 0 0 0
00464 -1093724637 0 0 0 0 0
00465 0300815366 0 0 0 0 0
00466 -604568281 0 0 0 0 0
00467 -050468607 0 0 0 0 0
00468 -000723138 0 0 0 0 0
00469 0032960757 0 0 0 0 0
00470 0046925854 0 0 0 0 0
00471 0435293206 0 0 0 0 0
00472 0149946352 0 0 0 0 0
00473 0152239597 0 0 0 0 0
00474 0048684081 0 0 0 0 0
00475 0236121815 0 0 0 0 0
00476 0987815451 0 0 0 0 0
00477 0653783286 0 0 0 0 0
00478 -268175637 0 0 0 0 0
00479 -356900615 0 0 0 0 0
00480 -435867074 0 0 0 0 0
00481 0016712201 0 0 0 0 0
00482 0064279298 0 0 0 0 0
00483 -383324889 0 0 0 0 0
00484 0202769372 0 0 0 0 0
00485 -369560058 0 0 0 0 0
00486 0219757037 0 0 0 0 0
00487 -084408347 0 0 0 0 0
00488 0686361324 0 0 0 0 0
00489 0167507183 0 0 0 0 0
00490 -708054782 0 0 0 0 0
00491 -099678675 0 0 0 0 0
00492 -837401831 0 0 0 0 0
00493 0434898122 0 0 0 0 0
00494 -386074609 0 0 0 0 0
00495 0502919409 0 0 0 0 0
00496 -570371014 0 0 0 0 0
00497 -065393690 0 0 0 0 0
00498 -151215836 0 0 0 0 0
00499 0822877194 0 0 0 0 0
00500 0235122682 0 0 0 0 0
00501 0115997695 0 0 0 0 0
00502 -200741626 0 0 0 0 0
00503 0132904489 0 0 0 0 0
00504 0150070558 0 0 0 0 0
00505 -016643096 0 0 0 0 0
00506 0398530305 0 0 0 0 0
00507 -438694628 0 0 0 0 0
00508 -253013547 0 0 0 0 0
00509 0450303265 0 0 0 0 0
00510 -236906781 0 0 0 0 0
00511 0114892829 0 0 0 0 0
00512 -100079351 0 0 0 0 0
00513 0251790047 0 0 0 0 0
00514 -340452072 0 0 0 0 0
00515 -200800530 0 0 0 0 0
00516 0117902110 0 0 0 0 0
00517 0383458060 0 0 0 0 0
00518 0184667902 0 0 0 0 0
00519 -621811433 0 0 0 0 0
00520 -52618694 0 0 0 0 0
00521 0485298410 0 0 0 0 0
00522 0200732936 0 0 0 0 0
00523 0572067525 0 0 0 0 0
00524 0635692790 0 0 0 0 0
00525 0231990803 0 0 0 0 0
00526 0138072585 0 0 0 0 0
00527 -789836028 0 0 0 0 0
00528 0722876882 0 0 0 0 0
00529 0101177586 0 0 0 0 0
00530 0064087058 0 0 0 0 0
00531 -587592188 0 0 0 0 0
00532 0539235323 0 0 0 0 0
00533 0267126761 0 0 0 0 0
00534 -485897704 0 0 0 0 0
00535 1074332921 0 0 0 0 0
00536 -774704398 0 0 0 0 0
00537 0135265820 0 0 0 0 0
00538 0584445488 0 0 0 0 0
00539 0402777575 0 0 0 0 0
00540 0068279083 0 0 0 0 0
00541 -371783677 0 0 0 0 0
00542 -317845497 0 0 0 0 0
00543 0169660894 0 0 0 0 0
00544 -469367296 0 0 0 0 0
00545 -85650637 0 0 0 0 0
00546 -619375875 0 0 0 0 0
00547 0553645308 0 0 0 0 0
00548 -470479656 0 0 0 0 0
00549 0270074618 0 0 0 0 0
00550 0219216841 0 0 0 0 0
00551 -1141505997 0 0 0 0 0
00552 -234216199 0 0 0 0 0
00553 0504687377 0 0 0 0 0
00554 -335681573 0 0 0 0 0
00555 0154659838 0 0 0 0 0
00556 0136444141 0 0 0 0 0
00557 -722989581 0 0 0 0 0
00558 -703592660 0 0 0 0 0
00559 0151191769 0 0 0 0 0
00560 0402841379 0 0 0 0 0
00561 -605619968 0 0 0 0 0
00562 -216785373 0 0 0 0 0
00563 -233962002 0 0 0 0 0
00564 -51113493 0 0 0 0 0
00565 -32171540 0 0 0 0 0
00566 0717891548 0 0 0 0 0
00567 -1138749986 0 0 0 0 0
00568 0268042508 0 0 0 0 0
00569 0770368504 0 0 0 0 0
00570 -519828209 0 0 0 0 0
00571 0217849061 0 0 0 0 0
00572 -336602611 0 0 0 0 0
00573 -167300872 0 0 0 0 0
00574 -334827267 0 0 0 0 0
00575 0756867860 0 0 0 0 0
00576 -1189547793 0 0 0 0 0
00577 0522048772 0 0 0 0 0
00578 0468318721 0 0 0 0 0
00579 0302451675 0 0 0 0 0
00580 -771821559 0 0 0 0 0
00581 0168953100 0 0 0 0 0
00582 0220589551 0 0 0 0 0
00583 -421397528 0 0 0 0 0
00584 -335408631 0 0 0 0 0
00585 1040316964 0 0 0 0 0
00586 0770043365 0 0 0 0 0
00587 -589817109 0 0 0 0 0
00588 -84005384 0 0 0 0 0
00589 -319352855 0 0 0 0 0
00590 -14875135 0 0 0 0 0
00591 -354609941 0 0 0 0 0
00592 0320021018 0 0 0 0 0
00593 0822266548 0 0 0 0 0
00594 -386002724 0 0 0 0 0
00595 -686613504 0 0 0 0 0
00596 0237117670 0 0 0 0 0
00597 -758974203 0 0 0 0 0
00598 0773319456 0 0 0 0 0
00599 -872215780 0 0 0 0 0
00600 -285675019 0 0 0 0 0
00601 -250158837 0 0 0 0 0
00602 -66909681 0 0 0 0 0
00603 0034017749 0 0 0 0 0
00604 -539617516 0 0 0 0 0
00605 0786701096 0 0 0 0 0
00606 0080407276 0 0 0 0 0
00607 -251398113 0 0 0 0 0
00608 0435485735 0 0 0 0 0
00609 -19526905 0 0 0 0 0
00610 -419298059 0 0 0 0 0
00611 -318691865 0 0 0 0 0
00612 0385080585 0 0 0 0 0
00613 0955582747 0 0 0 0 0
00614 0303163084 0 0 0 0 0
00615 -339278605 0 0 0 0 0
00616 1245377288 0 0 0 0 0
00617 -552866343 0 0 0 0 0
00618 0600185068 0 0 0 0 0
00619 -588972793 0 0 0 0 0
00620 1107814695 0 0 0 0 0
00621 -136382712 0 0 0 0 0
00622 -823514868 0 0 0 0 0
00623 0486216699 0 0 0 0 0
00624 -373558008 0 0 0 0 0
00625 0068889117 0 0 0 0 0
00626 0886223878 0 0 0 0 0
00627 -741211115 0 0 0 0 0
00628 0339619330 0 0 0 0 0
00629 -435427896 0 0 0 0 0
00630 0269886978 0 0 0 0 0
00631 -473030444 0 0 0 0 0
00632 -301724425 0 0 0 0 0
00633 0146484504 0 0 0 0 0
00634 -37413099 0 0 0 0 0
00635 -45553414 0 0 0 0 0
00636 -422129906 0 0 0 0 0
00637 1159140600 0 0 0 0 0
00638 -720302085 0 0 0 0 0
00639 0132894474 0 0 0 0 0
00640 0235738579 0 0 0 0 0
00641 -49812720 0 0 0 0 0
00642 0452468721 0 0 0 0 0
00643 -254881250 0 0 0 0 0
00644 0371203305 0 0 0 0 0
00645 -66850293 0 0 0 0 0
00646 -454883297 0 0 0 0 0
00647 -368691499 0 0 0 0 0
00648 0472836287 0 0 0 0 0
00649 0485294082 0 0 0 0 0
00650 -16708883 0 0 0 0 0
00651 -18477072 0 0 0 0 0
00652 -702736646 0 0 0 0 0
00653 0504298465 0 0 0 0 0
00654 -302458341 0 0 0 0 0
00655 0772795366 0 0 0 0 0
00656 0435678742 0 0 0 0 0
00657 -319162356 0 0 0 0 0
00658 -569121297 0 0 0 0 0
00659 -221379790 0 0 0 0 0
00660 -599777272 0 0 0 0 0
00661 -491784416 0 0 0 0 0
00662 -33485544 0 0 0 0 0
00663 0083683580 0 0 0 0 0
00664 0590143264 0 0 0 0 0
00665 0937038782 0 0 0 0 0
00666 -318971660 0 0 0 0 0
00667 0284694022 0 0 0 0 0
00668 0284029189 0 0 0 0 0
00669 -84675089 0 0 0 0 0
00670 0652736794 0 0 0 0 0
00671 0285138676 0 0 0 0 0
00672 1408227592 0 0 0 0 0
00673 0402902807 0 0 0 0 0
00674 0773575151 0 0 0 0 0
00675 0168554462 0 0 0 0 0
00676 -169151732 0 0 0 0 0
00677 -271326687 0 0 0 0 0
00678 -51696336 0 0 0 0 0
00679 -83167245 0 0 0 0 0
00680 -316942061 0 0 0 0 0
00681 0486143989 0 0 0 0 0
00682 -301990119 0 0 0 0 0
00683 -218631183 0 0 0 0 0
00684 0070515201 0 0 0 0 0
00685 -436409867 0 0 0 0 0
00686 -302298860 0 0 0 0 0
00687 0049213409 0 0 0 0 0
00688 -283108635 0 0 0 0 0
00689 0149886225 0 0 0 0 0
00690 0218750999 0 0 0 0 0
00691 0364121573 0 0 0 0 0
00692 0219222525 0 0 0 0 0
00693 -150537199 0 0 0 0 0
00694 0686684329 0 0 0 0 0
00695 0018278183 0 0 0 0 0
00696 0166065632 0 0 0 0 0
00697 0305916402 0 0 0 0 0
00698 -251460111 0 0 0 0 0
00699 0050917862 0 0 0 0 0
00700 -501537046 0 0 0 0 0
00701 0149160733 0 0 0 0 0
00702 -553592280 0 0 0 0 0
00703 -83223841 0 0 0 0 0
00704 -50989540 0 0 0 0 0
00705 0571401486 0 0 0 0 0
00706 -316092956 0 0 0 0 0
00707 0268504313 0 0 0 0 0
00708 0336072937 0 0 0 0 0
00709 -973341416 0 0 0 0 0
00710 0151775995 0 0 0 0 0
00711 -184819958 0 0 0 0 0
00712 0786091299 0 0 0 0 0
00713 -367260131 0 0 0 0 0
00714 0379587599 0 0 0 0 0
00715 0516284755 0 0 0 0 0
00716 -333187366 0 0 0 0 0
00717 0064757997 0 0 0 0 0
00718 0153937956 0 0 0 0 0
00719 -150402857 0 0 0 0 0
00720 -114822445 0 0 0 0 0
00721 0251001088 0 0 0 0 0
00722 0821742336 0 0 0 0 0
00723 -164561688 0 0 0 0 0
00724 -84993789 0 0 0 0 0
00725 0687921134 0 0 0 0 0
00726 0670044392 0 0 0 0 0
00727 0516418321 0 0 0 0 0
00728 0203354129 0 0 0 0 0
00729 -569508136 0 0 0 0 0
00730 0403247565 0 0 0 0 0
00731 0554045674 0 0 0 0 0
00732 -48898850 0 0 0 0 0
00733 -152827854 0 0 0 0 0
00734 -520556539 0 0 0 0 0
00735 0033431783 0 0 0 0 0
00736 0133966852 0 0 0 0 0
00737 -553187109 0 0 0 0 0
00738 0218236924 0 0 0 0 0
00739 -538637568 0 0 0 0 0
00740 -198896877 0 0 0 0 0
00741 -369571584 0 0 0 0 0
00742 0035130098 0 0 0 0 0
00743 0674292475 0 0 0 0 0
00744 -118433812 0 0 0 0 0
00745 0488897048 0 0 0 0 0
00746 0018153940 0 0 0 0 0
00747 0974715848 0 0 0 0 0
00748 0064099272 0 0 0 0 0
00749 0335076893 0 0 0 0 0
00750 -83290145 0 0 0 0 0
00751 -354675448 0 0 0 0 0
00752 -503443207 0 0 0 0 0
00753 0305142015 0 0 0 0 0
00754 -905376819 0 0 0 0 0
00755 -319358951 0 0 0 0 0
00756 -50128680 0 0 0 0 0
00757 0571726838 0 0 0 0 0
00758 -401534448 0 0 0 0 0
00759 0014945291 0 0 0 0 0
00760 1023793876 0 0 0 0 0
00761 0182063358 0 0 0 0 0
00762 0234887414 0 0 0 0 0
00763 -838334720 0 0 0 0 0
00764 0569507053 0 0 0 0 0
00765 0923257862 0 0 0 0 0
00766 -418452218 0 0 0 0 0
00767 0149875708 0 0 0 0 0
00768 -218101996 0 0 0 0 0
00769 -517539090 0 0 0 0 0
00770 -334414368 0 0 0 0 0
00771 -417794801 0 0 0 0 0
00772 0452137139 0 0 0 0 0
00773 0287183123 0 0 0 0 0
00774 0688122789 0 0 0 0 0
00775 -272885512 0 0 0 0 0
00776 -32434165 0 0 0 0 0
00777 0265287661 0 0 0 0 0
00778 0440256284 0 0 0 0 0
00779 -204064739 0 0 0 0 0
00780 0250736083 0 0 0 0 0
00781 0704702200 0 0 0 0 0
00782 0099096066 0 0 0 0 0
00783 -438373856 0 0 0 0 0
00784 -51956756 0 0 0 0 0
00785 0348903272 0 0 0 0 0
00786 -603976709 0 0 0 0 0
00787 0301008355 0 0 0 0 0
00788 -805299947 0 0 0 0 0
00789 -788985849 0 0 0 0 0
00790 -517785863 0 0 0 0 0
00791 0286007034 0 0 0 0 0
00792 0601094343 0 0 0 0 0
00793 1242489075 0 0 0 0 0
00794 -1341063692 0 0 0 0 0
00795 0400611637 0 0 0 0 0
00796 -168760825 0 0 0 0 0
00797 -350476035 0 0 0 0 0
00798 0586158061 0 0 0 0 0
00799 0-1689857 0 0 0 0 0
00800 -705035813 0 0 0 0 0
00801 0402198295 0 0 0 0 0
00802 0049850913 0 0 0 0 0
00803 -302711774 0 0 0 0 0
00804 -117108738 0 0 0 0 0
00805 -335866857 0 0 0 0 0
00806 0353048553 0 0 0 0 0
00807 -555157520 0 0 0 0 0
00808 -652728845 0 0 0 0 0
00809 -17630715 0 0 0 0 0
00810 -468508421 0 0 0 0 0
00811 -354412292 0 0 0 0 0
00812 0488758062 0 0 0 0 0
00813 -585498665 0 0 0 0 0
00814 0922927868 0 0 0 0 0
00815 -305656042 0 0 0 0 0
00816 -202829776 0 0 0 0 0
00817 0385010221 0 0 0 0 0
00818 0065859834 0 0 0 0 0
00819 0504098598 0 0 0 0 0
00820 0837871830 0 0 0 0 0
00821 -137363174 0 0 0 0 0
00822 1258949835 0 0 0 0 0
00823 -621473813 0 0 0 0 0
00824 0604442621 0 0 0 0 0
00825 -52102912 0 0 0 0 0
00826 0269948624 0 0 0 0 0
00827 0354146271 0 0 0 0 0
00828 -502591992 0 0 0 0 0
00829 0169020867 0 0 0 0 0
00830 -571927791 0 0 0 0 0
00831 0452922840 0 0 0 0 0
00832 -909750011 0 0 0 0 0
00833 0656400889 0 0 0 0 0
00834 -47257101 0 0 0 0 0
00835 -367856129 0 0 0 0 0
00836 -301469194 0 0 0 0 0
00837 -451939550 0 0 0 0 0
00838 0085520620 0 0 0 0 0
00839 -50460416 0 0 0 0 0
00840 0031535901 0 0 0 0 0
00841 -973860382 0 0 0 0 0
00842 0621601529 0 0 0 0 0
00843 0301993201 0 0 0 0 0
00844 0184029173 0 0 0 0 0
00845 -705621509 0 0 0 0 0
00846 -32560684 0 0 0 0 0
00847 0149165085 0 0 0 0 0
00848 0468971243 0 0 0 0 0
00849 0268753677 0 0 0 0 0
00850 0800190476 0 0 0 0 0
00851 0114818098 0 0 0 0 0
00852 -419430135 0 0 0 0 0
00853 0234111473 0 0 0 0 0
00854 -371388738 0 0 0 0 0
00855 0132320059 0 0 0 0 0
00856 -537263053 0 0 0 0 0
00857 -84077388 0 0 0 0 0
00858 -520134130 0 0 0 0 0
00859 0807735721 0 0 0 0 0
00860 0001252587 0 0 0 0 0
00861 -504960753 0 0 0 0 0
00862 0553848075 0 0 0 0 0
00863 0720630526 0 0 0 0 0
00864 -46798653 0 0 0 0 0
00865 0405530842 0 0 0 0 0
00866 0589102769 0 0 0 0 0
00867 0267510783 0 0 0 0 0
00868 -567926561 0 0 0 0 0
00869 -368249079 0 0 0 0 0
00870 -183567879 0 0 0 0 0
00871 -184484351 0 0 0 0 0
00872 0017834230 0 0 0 0 0
00873 -218370313 0 0 0 0 0
00874 -451722008 0 0 0 0 0
00875 -420018447 0 0 0 0 0
00876 -402255112 0 0 0 0 0
00877 0066918624 0 0 0 0 0
00878 -604561906 0 0 0 0 0
00879 0020181776 0 0 0 0 0
00880 -65939254 0 0 0 0 0
00881 0369096731 0 0 0 0 0
00882 0637450768 0 0 0 0 0
00883 -249819682 0 0 0 0 0
00884 0754042623 0 0 0 0 0
00885 -603123436 0 0 0 0 0
00886 -640798439 0 0 0 0 0
00887 0336528357 0 0 0 0 0
00888 0066717668 0 0 0 0 0
00889 -822928618 0 0 0 0 0
00890 0771629293 0 0 0 0 0
00891 0099352306 0 0 0 0 0
00892 -236318953 0 0 0 0 0
00893 0434489352 0 0 0 0 0
00894 -353237728 0 0 0 0 0
00895 0655955712 0 0 0 0 0
00896 -204404757 0 0 0 0 0
00897 0015725831 0 0 0 0 0
00898 -33485562 0 0 0 0 0
00899 -367978761 0 0 0 0 0
00900 -164632871 0 0 0 0 0
00901 -471323382 0 0 0 0 0
00902 -772791830 0 0 0 0 0
00903 0086108461 0 0 0 0 0
00904 -738582016 0 0 0 0 0
00905 0130947819 0 0 0 0 0
00906 0084341014 0 0 0 0 0
00907 -115927265 0 0 0 0 0
00908 0065722826 0 0 0 0 0
00909 0016903718 0 0 0 0 0
00910 -14022936 0 0 0 0 0
00911 -938074667 0 0 0 0 0
00912 0000452616 0 0 0 0 0
00913 -69793754 0 0 0 0 0
00914 -703325960 0 0 0 0 0
00915 0538639859 0 0 0 0 0
00916 0804575197 0 0 0 0 0
00917 0807528421 0 0 0 0 0
00918 0049348040 0 0 0 0 0
00919 0085652510 0 0 0 0 0
00920 -152439828 0 0 0 0 0
00921 0098441246 0 0 0 0 0
00922 0034283232 0 0 0 0 0
00923 -585371686 0 0 0 0 0
00924 0454500601 0 0 0 0 0
00925 -202116567 0 0 0 0 0
00926 -154075406 0 0 0 0 0
00927 0216799482 0 0 0 0 0
00928 -333906168 0 0 0 0 0
00929 0066653966 0 0 0 0 0
00930 -184028421 0 0 0 0 0
00931 0101385192 0 0 0 0 0
00932 -235534588 0 0 0 0 0
00933 0587001603 0 0 0 0 0
00934 -269808124 0 0 0 0 0
00935 0168097756 0 0 0 0 0
00936 0555609852 0 0 0 0 0
00937 0150926877 0 0 0 0 0
00938 -368898873 0 0 0 0 0
00939 -402794993 0 0 0 0 0
00940 0384573998 0 0 0 0 0
00941 -468913927 0 0 0 0 0
00942 -404684535 0 0 0 0 0
00943 0433334803 0 0 0 0 0
00944 0469168617 0 0 0 0 0
00945 0804051227 0 0 0 0 0
00946 0689043186 0 0 0 0 0
00947 -757468168 0 0 0 0 0
00948 -353102836 0 0 0 0 0
00949 -204129509 0 0 0 0 0
00950 0601816572 0 0 0 0 0
00951 -669445392 0 0 0 0 0
00952 -102228211 0 0 0 0 0
00953 -167961116 0 0 0 0 0
00954 -282140951 0 0 0 0 0
00955 0640612613 0 0 0 0 0
00956 -355081230 0 0 0 0 0
00957 0384889639 0 0 0 0 0
00958 -68352527 0 0 0 0 0
00959 -450619641 0 0 0 0 0
00960 0080869132 0 0 0 0 0
00961 0602664493 0 0 0 0 0
00962 0066971877 0 0 0 0 0
00963 0704710918 0 0 0 0 0
00964 0117040893 0 0 0 0 0
00965 -689125091 0 0 0 0 0
00966 -169801945 0 0 0 0 0
00967 0169089568 0 0 0 0 0
00968 -201846795 0 0 0 0 0
00969 -590483437 0 0 0 0 0
00970 0505738014 0 0 0 0 0
00971 -184357400 0 0 0 0 0
00972 -302643952 0 0 0 0 0
00973 0052162050 0 0 0 0 0
00974 -150791936 0 0 0 0 0
00975 -135469553 0 0 0 0 0
00976 0304745959 0 0 0 0 0
00977 -725746211 0 0 0 0 0
00978 0318124837 0 0 0 0 0
00979 0081715494 0 0 0 0 0
00980 0182503703 0 0 0 0 0
00981 0149430280 0 0 0 0 0
00982 -149548256 0 0 0 0 0
00983 0151321296 0 0 0 0 0
00984 0136631021 0 0 0 0 0
00985 -365946427 0 0 0 0 0
00986 0401534223 0 0 0 0 0
00987 0483971881 0 0 0 0 0
00988 -19603417 0 0 0 0 0
00989 0033360434 0 0 0 0 0
00990 0135912421 0 0 0 0 0
00991 0286385930 0 0 0 0 0
00992 0487584741 0 0 0 0 0
00993 -86448112 0 0 0 0 0
00994 0137629427 0 0 0 0 0
00995 0065019082 0 0 0 0 0
00996 0015604211 0 0 0 0 0
00997 1006691831 0 0 0 0 0
00998 0264559350 0 0 0 0 0
00999 0235872777 0 0 0 0 0
01000 0183560708 0 0 0 0 0
01001 0583982622 0 0 0 0 0
01002 -287954403 0 0 0 0 0
01003 0787341026 0 0 0 0 0
01004 0232071451 0 0 0 0 0
01005 -403958281 0 0 0 0 0
01006 -365942533 0 0 0 0 0
01007 0152173754 0 0 0 0 0
01008 0587195111 0 0 0 0 0
01009 0136707071 0 0 0 0 0
01010 -569772344 0 0 0 0 0
01011 -418768857 0 0 0 0 0
01012 -285085733 0 0 0 0 0
01013 -67105479 0 0 0 0 0
01014 0084080614 0 0 0 0 0
01015 0471467242 0 0 0 0 0
01016 -1141838852 0 0 0 0 0
01017 0218705678 0 0 0 0 0
01018 -839782381 0 0 0 0 0
01019 -704037635 0 0 0 0 0
01020 -485418511 0 0 0 0 0
01021 -235079163 0 0 0 0 0
01022 0843183625 0 0 0 0 0
01023 0348047583 0 0 0 0 0
01024 0133105441 0 0 0 0 0
01025 -250809335 0 0 0 0 0
01026 0231866627 0 0 0 0 0
01027 0217314847 0 0 0 0 0
01028 0203218443 0 0 0 0 0
01029 0266657558 0 0 0 0 0
01030 -218039305 0 0 0 0 0
01031 -115933188 0 0 0 0 0
01032 -737793304 0 0 0 0 0
01033 -203612923 0 0 0 0 0
01034 -32311041 0 0 0 0 0
01035 0585505004 0 0 0 0 0
01036 0472838385 0 0 0 0 0
01037 0352119271 0 0 0 0 0
01038 0537454052 0 0 0 0 0
01039 -17106697 0 0 0 0 0
01040 0014810906 0 0 0 0 0
01041 -771222308 0 0 0 0 0
01042 -386330343 0 0 0 0 0
01043 -455532526 0 0 0 0 0
01044 -502324209 0 0 0 0 0
01045 0221437152 0 0 0 0 0
01046 -167896852 0 0 0 0 0
01047 -68681208 0 0 0 0 0
01048 0387518453 0 0 0 0 0
01049 0303549410 0 0 0 0 0
01050 -150073639 0 0 0 0 0
01051 -349181974 0 0 0 0 0
01052 0438168085 0 0 0 0 0
01053 0330435827 0 0 0 0 0
01054 -15271166 0 0 0 0 0
01055 0232578331 0 0 0 0 0
01056 -1038086405 0 0 0 0 0
01057 -403232000 0 0 0 0 0
01058 -16977919 0 0 0 0 0
01059 -150458072 0 0 0 0 0
01060 -205466068 0 0 0 0 0
01061 0217839370 0 0 0 0 0
01062 0118817778 0 0 0 0 0
01063 0299360005 0 0 0 0 0
01064 -673638616 0 0 0 0 0
01065 0469960234 0 0 0 0 0
01066 0553048538 0 0 0 0 0
01067 -87290875 0 0 0 0 0
01068 0318703891 0 0 0 0 0
01069 -202309318 0 0 0 0 0
01070 -923072302 0 0 0 0 0
01071 0069284831 0 0 0 0 0
01072 0116529638 0 0 0 0 0
01073 0066581277 0 0 0 0 0
01074 -234618390 0 0 0 0 0
01075 0655163611 0 0 0 0 0
01076 -67698955 0 0 0 0 0
01077 0304087551 0 0 0 0 0
01078 0921680357 0 0 0 0 0
01079 -708116165 0 0 0 0 0
01080 0471147474 0 0 0 0 0
01081 -31981305 0 0 0 0 0
01082 0167116506 0 0 0 0 0
01083 -120265201 0 0 0 0 0
01084 0085213412 0 0 0 0 0
01085 -67113993 0 0 0 0 0
01086 -184746484 0 0 0 0 0
01087 0318631431 0 0 0 0 0
01088 0622454795 0 0 0 0 0
01089 1156294133 0 0 0 0 0
01090 -286137852 0 0 0 0 0
01091 -100392676 0 0 0 0 0
01092 -335032320 0 0 0 0 0
01093 -772207339 0 0 0 0 0
01094 0454294053 0 0 0 0 0
01095 -369494055 0 0 0 0 0
01096 -115213028 0 0 0 0 0
01097 0316344296 0 0 0 0 0
01098 0771548675 0 0 0 0 0
01099 0052360155 0 0 0 0 0
01100 0285543151 0 0 0 0 0
01101 0217831670 0 0 0 0 0
01102 0100659996 0 0 0 0 0
01103 0119335658 0 0 0 0 0
01104 -640080652 0 0 0 0 0
01105 0504631284 0 0 0 0 0
01106 0301463545 0 0 0 0 0
01107 -686758403 0 0 0 0 0
01108 0251078664 0 0 0 0 0
01109 -319492866 0 0 0 0 0
01110 0369752311 0 0 0 0 0
01111 -301002508 0 0 0 0 0
01112 -100533999 0 0 0 0 0
01113 -502266397 0 0 0 0 0
01114 0804711172 0 0 0 0 0
01115 -184675856 0 0 0 0 0
01116 -199300339 0 0 0 0 0
01117 -167384581 0 0 0 0 0
01118 -823719641 0 0 0 0 0
01119 -471131363 0 0 0 0 0
01120 -150600428 0 0 0 0 0
01121 -19392777 0 0 0 0 0
01122 -255922360 0 0 0 0 0
01123 0686696967 0 0 0 0 0
01124 -436604660 0 0 0 0 0
01125 1008264164 0 0 0 0 0
01126 0134349289 0 0 0 0 0
01127 0084668167 0 0 0 0 0
01128 0132834546 0 0 0 0 0
01129 0035517712 0 0 0 0 0
01130 -65408037 0 0 0 0 0
01131 -401619689 0 0 0 0 0
01132 0099298271 0 0 0 0 0
01133 -401930208 0 0 0 0 0
01134 -756216071 0 0 0 0 0
01135 0941758198 0 0 0 0 0
01136 0029208872 0 0 0 0 0
01137 0168634901 0 0 0 0 0
01138 0533903608 0 0 0 0 0
01139 -604882957 0 0 0 0 0
01140 0368246034 0 0 0 0 0
01141 0052231199 0 0 0 0 0
01142 0116907989 0 0 0 0 0
01143 0014745885 0 0 0 0 0
01144 0069203712 0 0 0 0 0
01145 0119488212 0 0 0 0 0
01146 0133292761 0 0 0 0 0
01147 -253701601 0 0 0 0 0
01148 0673056233 0 0 0 0 0
01149 -166198026 0 0 0 0 0
01150 -621144559 0 0 0 0 0
01151 0284099819 0 0 0 0 0
01152 0201770257 0 0 0 0 0
01153 -588515033 0 0 0 0 0
01154 -16964098 0 0 0 0 0
01155 -218301700 0 0 0 0 0
01156 -135270113 0 0 0 0 0
01157 0204072965 0 0 0 0 0
01158 -49997859 0 0 0 0 0
01159 0487330783 0 0 0 0 0
01160 -1091166496 0 0 0 0 0
01161 -618199816 0 0 0 0 0
01162 0267972354 0 0 0 0 0
01163 -387581905 0 0 0 0 0
01164 0468580134 0 0 0 0 0
01165 0940704202 0 0 0 0 0
01166 -185212941 0 0 0 0 0
01167 0415238151 0 0 0 0 0
01168 0165029937 0 0 0 0 0
01169 -704902390 0 0 0 0 0
01170 -451876887 0 0 0 0 0
01171 0066661386 0 0 0 0 0
01172 0656278279 0 0 0 0 0
01173 0014203118 0 0 0 0 0
01174 0116850704 0 0 0 0 0
01175 -13434121 0 0 0 0 0
01176 -689629193 0 0 0 0 0
01177 0552796415 0 0 0 0 0
01178 -199947758 0 0 0 0 0
01179 0622849448 0 0 0 0 0
01180 -252314119 0 0 0 0 0
01181 -754910692 0 0 0 0 0
01182 0422576876 0 0 0 0 0
01183 -320084476 0 0 0 0 0
01184 -686614773 0 0 0 0 0
01185 0116924147 0 0 0 0 0
01186 -639830031 0 0 0 0 0
01187 0372971029 0 0 0 0 0
01188 -169479911 0 0 0 0 0
01189 -452473611 0 0 0 0 0
01190 0286589952 0 0 0 0 0
01191 0486930438 0 0 0 0 0
01192 -202636053 0 0 0 0 0
01193 0218694394 0 0 0 0 0
01194 0789180662 0 0 0 0 0
01195 -49873698 0 0 0 0 0
01196 0217584861 0 0 0 0 0
01197 0113965333 0 0 0 0 0
01198 -908980700 0 0 0 0 0
01199 0116728091 0 0 0 0 0
01200 0134874357 0 0 0 0 0
01201 -337309456 0 0 0 0 0
01202 0103354102 0 0 0 0 0
01203 -954533645 0 0 0 0 0
01204 -438099208 0 0 0 0 0
01205 -589159624 0 0 0 0 0
01206 -149543206 0 0 0 0 0
01207 -403444485 0 0 0 0 0
01208 -200337405 0 0 0 0 0
01209 0504553474 0 0 0 0 0
01210 1106234383 0 0 0 0 0
01211 -703859466 0 0 0 0 0
01212 -332139782 0 0 0 0 0
01213 0853733901 0 0 0 0 0
01214 0771682543 0 0 0 0 0
01215 -355608562 0 0 0 0 0
01216 -452776440 0 0 0 0 0
01217 0620827654 0 0 0 0 0
01218 -707068925 0 0 0 0 0
01219 0888930045 0 0 0 0 0
01220 -1010826722 0 0 0 0 0
01221 0068495370 0 0 0 0 0
01222 -437584658 0 0 0 0 0
01223 0183180590 0 0 0 0 0
01224 0355197166 0 0 0 0 0
01225 0402194903 0 0 0 0 0
01226 -421852668 0 0 0 0 0
01227 0253168370 0 0 0 0 0
01228 1174529014 0 0 0 0 0
01229 0000716518 0 0 0 0 0
01230 0671221161 0 0 0 0 0
01231 0084663572 0 0 0 0 0
01232 1061680088 0 0 0 0 0
01233 -1225459751 0 0 0 0 0
01234 -667346706 0 0 0 0 0
01235 -270462211 0 0 0 0 0
01236 0065012275 0 0 0 0 0
01237 -117049865 0 0 0 0 0
01238 0935068225 0 0 0 0 0
01239 -538640370 0 0 0 0 0
01240 1323754243 0 0 0 0 0
01241 -469184526 0 0 0 0 0
01242 0170336005 0 0 0 0 0
01243 -402187570 0 0 0 0 0
01244 0131338231 0 0 0 0 0
01245 -872938454 0 0 0 0 0
01246 0449832733 0 0 0 0 0
01247 0235406617 0 0 0 0 0
01248 0385487072 0 0 0 0 0
01249 -485684280 0 0 0 0 0
01250 0201656841 0 0 0 0 0
01251 0001046516 0 0 0 0 0
01252 1140641786 0 0 0 0 0
01253 0335998959 0 0 0 0 0
01254 -134094086 0 0 0 0 0
01255 0702546698 0 0 0 0 0
01256 0254340325 0 0 0 0 0
01257 -569977329 0 0 0 0 0
01258 0135658199 0 0 0 0 0
01259 0318568241 0 0 0 0 0
01260 0200858877 0 0 0 0 0
01261 -53017318 0 0 0 0 0
01262 0320608196 0 0 0 0 0
01263 0267978485 0 0 0 0 0
01264 0250405131 0 0 0 0 0
01265 -49210647 0 0 0 0 0
01266 0133819887 0 0 0 0 0
01267 0384893172 0 0 0 0 0
01268 0002293007 0 0 0 0 0
01269 -46734392 0 0 0 0 0
01270 0335015152 0 0 0 0 0
01271 -201126668 0 0 0 0 0
01272 0370404863 0 0 0 0 0
01273 -149354518 0 0 0 0 0
01274 -320274963 0 0 0 0 0
01275 0386143218 0 0 0 0 0
01276 0266723588 0 0 0 0 0
01277 0369033986 0 0 0 0 0
01278 0067293709 0 0 0 0 0
01279 0421652735 0 0 0 0 0
01280 -84539658 0 0 0 0 0
01281 0033159413 0 0 0 0 0
01282 0604172008 0 0 0 0 0
01283 -404621012 0 0 0 0 0
01284 -153479402 0 0 0 0 0
01285 -182511367 0 0 0 0 0
01286 -134023177 0 0 0 0 0
01287 0301206002 0 0 0 0 0
01288 -367523603 0 0 0 0 0
01289 0687462911 0 0 0 0 0
01290 0001567228 0 0 0 0 0
01291 -805497605 0 0 0 0 0
01292 0082064886 0 0 0 0 0
01293 -288491232 0 0 0 0 0
01294 00-323311 0 0 0 0 0
01295 0149094646 0 0 0 0 0
01296 0318696952 0 0 0 0 0
01297 0216069991 0 0 0 0 0
01298 0151052490 0 0 0 0 0
01299 -169856515 0 0 0 0 0
01300 -132703236 0 0 0 0 0
01301 0019709710 0 0 0 0 0
01302 -69002523 0 0 0 0 0
01303 -874504427 0 0 0 0 0
01304 -168564707 0 0 0 0 0
01305 -551150563 0 0 0 0 0
01306 -132781819 0 0 0 0 0
01307 0384763355 0 0 0 0 0
01308 0620167936 0 0 0 0 0
01309 -739707912 0 0 0 0 0
01310 0271449082 0 0 0 0 0
01311 0220007886 0 0 0 0 0
01312 0521934828 0 0 0 0 0
01313 0182898657 0 0 0 0 0
01314 0485946876 0 0 0 0 0
01315 0103282184 0 0 0 0 0
01316 0186299625 0 0 0 0 0
01317 0302702584 0 0 0 0 0
01318 0134287096 0 0 0 0 0
01319 0387366168 0 0 0 0 0
01320 -52103181 0 0 0 0 0
01321 -337639389 0 0 0 0 0
01322 0118292749 0 0 0 0 0
01323 -35059993 0 0 0 0 0
01324 0165875239 0 0 0 0 0
01325 -502651419 0 0 0 0 0
01326 -551610166 0 0 0 0 0
01327 0150731021 0 0 0 0 0
01328 -367913761 0 0 0 0 0
01329 -66060556 0 0 0 0 0
01330 -552480203 0 0 0 0 0
01331 -65405466 0 0 0 0 0
01332 -351986166 0 0 0 0 0
01333 0018671612 0 0 0 0 0
01334 -134934300 0 0 0 0 0
01335 0101390806 0 0 0 0 0
01336 0034337531 0 0 0 0 0
01337 0150009884 0 0 0 0 0
01338 0923120625 0 0 0 0 0
01339 0282717981 0 0 0 0 0
01340 0335272975 0 0 0 0 0
01341 0802752514 0 0 0 0 0
01342 0451811039 0 0 0 0 0
01343 -166066950 0 0 0 0 0
01344 -83567380 0 0 0 0 0
01345 -63180039 0 0 0 0 0
01346 00-468487 0 0 0 0 0
01347 -536402935 0 0 0 0 0
01348 -485618457 0 0 0 0 0
01349 0267323664 0 0 0 0 0
01350 -621927910 0 0 0 0 0
01351 0016778728 0 0 0 0 0
01352 -687274496 0 0 0 0 0
01353 -432735246 0 0 0 0 0
01354 -149681951 0 0 0 0 0
01355 -538048737 0 0 0 0 0
01356 0032057866 0 0 0 0 0
01357 -250944280 0 0 0 0 0
01358 0133765406 0 0 0 0 0
01359 0386003686 0 0 0 0 0
01360 -385552380 0 0 0 0 0
01361 0302583030 0 0 0 0 0
01362 0013169649 0 0 0 0 0
01363 -149871590 0 0 0 0 0
01364 -405528586 0 0 0 0 0
01365 -787083504 0 0 0 0 0
01366 0201333227 0 0 0 0 0
01367 -651887631 0 0 0 0 0
01368 -585164577 0 0 0 0 0
01369 -589485315 0 0 0 0 0
01370 -183625955 0 0 0 0 0
01371 0252114668 0 0 0 0 0
01372 0420800203 0 0 0 0 0
01373 -551618563 0 0 0 0 0
01374 0281948928 0 0 0 0 0
01375 -653393136 0 0 0 0 0
01376 0938602223 0 0 0 0 0
01377 0554231022 0 0 0 0 0
01378 -422314227 0 0 0 0 0
01379 -721935616 0 0 0 0 0
01380 -705545407 0 0 0 0 0
01381 0522253000 0 0 0 0 0
01382 0148968186 0 0 0 0 0
01383 0335146206 0 0 0 0 0
01384 -283901672 0 0 0 0 0
01385 -201254949 0 0 0 0 0
01386 0639374069 0 0 0 0 0
01387 -841680666 0 0 0 0 0
01388 0437656048 0 0 0 0 0
01389 -183698426 0 0 0 0 0
01390 -367005448 0 0 0 0 0
01391 -769967392 0 0 0 0 0
01392 -218566916 0 0 0 0 0
01393 0018352629 0 0 0 0 0
01394 -352908826 0 0 0 0 0
01395 -673179612 0 0 0 0 0
01396 0671282964 0 0 0 0 0
01397 -318117634 0 0 0 0 0
01398 -34537740 0 0 0 0 0
01399 -304082139 0 0 0 0 0
01400 -269024478 0 0 0 0 0
01401 -703529479 0 0 0 0 0
01402 0640612352 0 0 0 0 0
01403 -19339024 0 0 0 0 0
01404 0386927370 0 0 0 0 0
01405 -386272538 0 0 0 0 0
01406 0418712558 0 0 0 0 0
01407 -219542236 0 0 0 0 0
01408 -267446782 0 0 0 0 0
01409 0384557304 0 0 0 0 0
01410 0-1583582 0 0 0 0 0
01411 -518448618 0 0 0 0 0
01412 -339542515 0 0 0 0 0
01413 -416731385 0 0 0 0 0
01414 -420929311 0 0 0 0 0
01415 0217583332 0 0 0 0 0
01416 -687862240 0 0 0 0 0
01417 0654838011 0 0 0 0 0
01418 0014735621 0 0 0 0 0
01419 -133822996 0 0 0 0 0
01420 -552597714 0 0 0 0 0
01421 0499184109 0 0 0 0 0
01422 0234486068 0 0 0 0 0
01423 0083755799 0 0 0 0 0
01424 -67898925 0 0 0 0 0
01425 -131662569 0 0 0 0 0
01426 -187364384 0 0 0 0 0
01427 -384561377 0 0 0 0 0
01428 0185268972 0 0 0 0 0
01429 -315555581 0 0 0 0 0
01430 0065080003 0 0 0 0 0
01431 -268036586 0 0 0 0 0
01432 -755101709 0 0 0 0 0
01433 0905251053 0 0 0 0 0
01434 0485878550 0 0 0 0 0
01435 0151053044 0 0 0 0 0
01436 0166453530 0 0 0 0 0
01437 -372249582 0 0 0 0 0
01438 0455027718 0 0 0 0 0
01439 0284737549 0 0 0 0 0
01440 0066656532 0 0 0 0 0
01441 0101493230 0 0 0 0 0
01442 0031784445 0 0 0 0 0
01443 -80798960 0 0 0 0 0
01444 -971440909 0 0 0 0 0
01445 -549644836 0 0 0 0 0
01446 0254147788 0 0 0 0 0
01447 -355130375 0 0 0 0 0
01448 0655953405 0 0 0 0 0
01449 0117176010 0 0 0 0 0
01450 -434571761 0 0 0 0 0
01451 0621607392 0 0 0 0 0
01452 0368041433 0 0 0 0 0
01453 -285667550 0 0 0 0 0
01454 -519228702 0 0 0 0 0
01455 -151775752 0 0 0 0 0
01456 -66387208 0 0 0 0 0
01457 -502391094 0 0 0 0 0
01458 0217909255 0 0 0 0 0
01459 -486602734 0 0 0 0 0
01460 -955045892 0 0 0 0 0
01461 0957270505 0 0 0 0 0
01462 -84670956 0 0 0 0 0
01463 0319681769 0 0 0 0 0
01464 -336979470 0 0 0 0 0
01465 0822995191 0 0 0 0 0
01466 0014346029 0 0 0 0 0
01467 -218681918 0 0 0 0 0
01468 -200538350 0 0 0 0 0
01469 -889119761 0 0 0 0 0
01470 -735103991 0 0 0 0 0
01471 -303304738 0 0 0 0 0
01472 -334750943 0 0 0 0 0
01473 0049092329 0 0 0 0 0
01474 -97447952 0 0 0 0 0
01475 0568453332 0 0 0 0 0
01476 0168296982 0 0 0 0 0
01477 -670302757 0 0 0 0 0
01478 0250347783 0 0 0 0 0
01479 0571408908 0 0 0 0 0
01480 -83437122 0 0 0 0 0
01481 0471333384 0 0 0 0 0
01482 -236790013 0 0 0 0 0
01483 1022812195 0 0 0 0 0
01484 0132906547 0 0 0 0 0
01485 -386600486 0 0 0 0 0
01486 -301533430 0 0 0 0 0
01487 0334048279 0 0 0 0 0
01488 0183371021 0 0 0 0 0
01489 -70391307 0 0 0 0 0
01490 1291321877 0 0 0 0 0
01491 -32962342 0 0 0 0 0
01492 0180617712 0 0 0 0 0
01493 0249690157 0 0 0 0 0
01494 -415176976 0 0 0 0 0
01495 0-1439477 0 0 0 0 0
01496 0470222050 0 0 0 0 0
01497 -785056537 0 0 0 0 0
01498 0303623664 0 0 0 0 0
01499 0284689635 0 0 0 0 0
01500 -573768938 0 0 0 0 0
01501 -219071688 0 0 0 0 0
01502 0331673074 0 0 0 0 0
01503 -200207606 0 0 0 0 0
01504 -80286762 0 0 0 0 0
01505 -720297716 0 0 0 0 0
01506 0369940473 0 0 0 0 0
01507 -350548761 0 0 0 0 0
01508 0318429942 0 0 0 0 0
01509 0086374126 0 0 0 0 0
01510 -390256347 0 0 0 0 0
01511 -116789524 0 0 0 0 0
01512 0166594598 0 0 0 0 0
01513 -234957544 0 0 0 0 0
01514 -48046825 0 0 0 0 0
01515 -84018705 0 0 0 0 0
01516 -387901672 0 0 0 0 0
01517 0317131321 0 0 0 0 0
01518 0884853527 0 0 0 0 0
01519 -351088875 0 0 0 0 0
01520 0034871276 0 0 0 0 0
01521 -418111763 0 0 0 0 0
01522 0-1777161 0 0 0 0 0
01523 0701230406 0 0 0 0 0
01524 -773968875 0 0 0 0 0
01525 0101315314 0 0 0 0 0
01526 -588771072 0 0 0 0 0
01527 -300990963 0 0 0 0 0
01528 -247147044 0 0 0 0 0
01529 0183826673 0 0 0 0 0
01530 0534574609 0 0 0 0 0
01531 -569246696 0 0 0 0 0
01532 -471726837 0 0 0 0 0
01533 -82831601 0 0 0 0 0
01534 0002097113 0 0 0 0 0
01535 -268503560 0 0 0 0 0
01536 -168153869 0 0 0 0 0
01537 0000655851 0 0 0 0 0
01538 0115667715 0 0 0 0 0
01539 -571076819 0 0 0 0 0
01540 -68482549 0 0 0 0 0
01541 -34402826 0 0 0 0 0
01542 -32517592 0 0 0 0 0
01543 0137434588 0 0 0 0 0
01544 -102704166 0 0 0 0 0
01545 0269750294 0 0 0 0 0
01546 -82771221 0 0 0 0 0
01547 -556997083 0 0 0 0 0
01548 -620884964 0 0 0 0 0
01549 -217758478 0 0 0 0 0
01550 -153483492 0 0 0 0 0
01551 -268697862 0 0 0 0 0
01552 0065606675 0 0 0 0 0
01553 0770240244 0 0 0 0 0
01554 -353292545 0 0 0 0 0
01555 -619378216 0 0 0 0 0
01556 0017629955 0 0 0 0 0
01557 -204268022 0 0 0 0 0
01558 0284609578 0 0 0 0 0
01559 0082248205 0 0 0 0 0
01560 -150019787 0 0 0 0 0
01561 -65535034 0 0 0 0 0
01562 -673181154 0 0 0 0 0
01563 0875037161 0 0 0 0 0
01564 -470353679 0 0 0 0 0
01565 -520029692 0 0 0 0 0
01566 -148692481 0 0 0 0 0
01567 0422171102 0 0 0 0 0
01568 0167183850 0 0 0 0 0
01569 -268502261 0 0 0 0 0
01570 -116056899 0 0 0 0 0
01571 -352051720 0 0 0 0 0
01572 0215945945 0 0 0 0 0
01573 0219932711 0 0 0 0 0
01574 0521802984 0 0 0 0 0
01575 -305217788 0 0 0 0 0
01576 0001973251 0 0 0 0 0
01577 0067878392 0 0 0 0 0
01578 0133362731 0 0 0 0 0
01579 0638457600 0 0 0 0 0
01580 0452316895 0 0 0 0 0
01581 -235467547 0 0 0 0 0
01582 0303891692 0 0 0 0 0
01583 -17424664 0 0 0 0 0
01584 -957087970 0 0 0 0 0
01585 0640282586 0 0 0 0 0
01586 -907018224 0 0 0 0 0
01587 -67102433 0 0 0 0 0
01588 -775676949 0 0 0 0 0
01589 -32486656 0 0 0 0 0
01590 0252700397 0 0 0 0 0
01591 -368501484 0 0 0 0 0
01592 -66260784 0 0 0 0 0
01593 -455796484 0 0 0 0 0
01594 -35920080 0 0 0 0 0
01595 0103681324 0 0 0 0 0
01596 -472314380 0 0 0 0 0
01597 0049143312 0 0 0 0 0
01598 -249160709 0 0 0 0 0
01599 0032903138 0 0 0 0 0
01600 0217450776 0 0 0 0 0
01601 0333825513 0 0 0 0 0
01602 0317325598 0 0 0 0 0
01603 0166654994 0 0 0 0 0
01604 -204020167 0 0 0 0 0
01605 0014876692 0 0 0 0 0
01606 0502857228 0 0 0 0 0
01607 0132904212 0 0 0 0 0
01608 0034609596 0 0 0 0 0
01609 0417455149 0 0 0 0 0
01610 -135005913 0 0 0 0 0
01611 0048490982 0 0 0 0 0
01612 -100130260 0 0 0 0 0
01613 -469308157 0 0 0 0 0
01614 -31655455 0 0 0 0 0
01615 -725466340 0 0 0 0 0
01616 -100923431 0 0 0 0 0
01617 0100341044 0 0 0 0 0
01618 0520677071 0 0 0 0 0
01619 -67490047 0 0 0 0 0
01620 0402830334 0 0 0 0 0
01621 -735829515 0 0 0 0 0
01622 0083028968 0 0 0 0 0
01623 -620611067 0 0 0 0 0
01624 0465896435 0 0 0 0 0
01625 -539417810 0 0 0 0 0
01626 0066456602 0 0 0 0 0
01627 -351665174 0 0 0 0 0
01628 -1259268099 0 0 0 0 0
01629 0084684036 0 0 0 0 0
01630 0116522481 0 0 0 0 0
01631 0318702365 0 0 0 0 0
01632 -67044387 0 0 0 0 0
01633 0118679786 0 0 0 0 0
01634 -1275579635 0 0 0 0 0
01635 -218424577 0 0 0 0 0
01636 0149620506 0 0 0 0 0
01637 0185468619 0 0 0 0 0
01638 -807340503 0 0 0 0 0
01639 0369952759 0 0 0 0 0
01640 -521531605 0 0 0 0 0
01641 -187033326 0 0 0 0 0
01642 -63826967 0 0 0 0 0
01643 -150077506 0 0 0 0 0
01644 -872153840 0 0 0 0 0
01645 0105650159 0 0 0 0 0
01646 0015592429 0 0 0 0 0
01647 -67690235 0 0 0 0 0
01648 0186039285 0 0 0 0 0
01649 0067237176 0 0 0 0 0
01650 0518575101 0 0 0 0 0
01651 0118623214 0 0 0 0 0
01652 -67503371 0 0 0 0 0
01653 0335404035 0 0 0 0 0
01654 0921498887 0 0 0 0 0
01655 -388301283 0 0 0 0 0
01656 -133169408 0 0 0 0 0
01657 -354808065 0 0 0 0 0
01658 1043330808 0 0 0 0 0
01659 -150536472 0 0 0 0 0
01660 0233825779 0 0 0 0 0
01661 -538054905 0 0 0 0 0
01662 0416936508 0 0 0 0 0
01663 0789116705 0 0 0 0 0
01664 0084918524 0 0 0 0 0
01665 0555217872 0 0 0 0 0
01666 -587803901 0 0 0 0 0
01667 0270139670 0 0 0 0 0
01668 0420338942 0 0 0 0 0
01669 -623183608 0 0 0 0 0
01670 -418947844 0 0 0 0 0
01671 -132649748 0 0 0 0 0
01672 -351724817 0 0 0 0 0
01673 0167817216 0 0 0 0 0
01674 -252899535 0 0 0 0 0
01675 0470681104 0 0 0 0 0
01676 0065136388 0 0 0 0 0
01677 -115076141 0 0 0 0 0
01678 -33300241 0 0 0 0 0
01679 0320216558 0 0 0 0 0
01680 -822602255 0 0 0 0 0
01681 -34919162 0 0 0 0 0
01682 -352913670 0 0 0 0 0
01683 0737935352 0 0 0 0 0
01684 0234814999 0 0 0 0 0
01685 -506267660 0 0 0 0 0
01686 0386922251 0 0 0 0 0
01687 0304748485 0 0 0 0 0
01688 1007937522 0 0 0 0 0
01689 0385270516 0 0 0 0 0
01690 0336455147 0 0 0 0 0
01691 0538695369 0 0 0 0 0
01692 -336259816 0 0 0 0 0
01693 -821351438 0 0 0 0 0
01694 -618654247 0 0 0 0 0
01695 0620169218 0 0 0 0 0
01696 0218227689 0 0 0 0 0
01697 0049611038 0 0 0 0 0
01698 -334428725 0 0 0 0 0
01699 -433251596 0 0 0 0 0
01700 -621355781 0 0 0 0 0
01701 0304871454 0 0 0 0 0
01702 -517276442 0 0 0 0 0
01703 0016774644 0 0 0 0 0
01704 0102766833 0 0 0 0 0
01705 0069596088 0 0 0 0 0
01706 -118152964 0 0 0 0 0
01707 -181803028 0 0 0 0 0
01708 0369870056 0 0 0 0 0
01709 -252373459 0 0 0 0 0
01710 0134084092 0 0 0 0 0
01711 0469235458 0 0 0 0 0
01712 -334887981 0 0 0 0 0
01713 -367325945 0 0 0 0 0
01714 -220662533 0 0 0 0 0
01715 0670117132 0 0 0 0 0
01716 -907280623 0 0 0 0 0
01717 -202700540 0 0 0 0 0
01718 0115613945 0 0 0 0 0
01719 -568977380 0 0 0 0 0
01720 -386911999 0 0 0 0 0
01721 -251936526 0 0 0 0 0
01722 -505007584 0 0 0 0 0
01723 -82494742 0 0 0 0 0
01724 -33957626 0 0 0 0 0
01725 0520555267 0 0 0 0 0
01726 -169939457 0 0 0 0 0
01727 -183693027 0 0 0 0 0
01728 0353105610 0 0 0 0 0
01729 0419485966 0 0 0 0 0
01730 -418510632 0 0 0 0 0
01731 -202235364 0 0 0 0 0
01732 0470468841 0 0 0 0 0
01733 -418099738 0 0 0 0 0
01734 0888724955 0 0 0 0 0
01735 0688641793 0 0 0 0 0
01736 -601493037 0 0 0 0 0
01737 -34134540 0 0 0 0 0
01738 -34404594 0 0 0 0 0
01739 -889918421 0 0 0 0 0
01740 0804719632 0 0 0 0 0
01741 0686547906 0 0 0 0 0
01742 0031909942 0 0 0 0 0
01743 0283707403 0 0 0 0 0
01744 0369686532 0 0 0 0 0
01745 0300486867 0 0 0 0 0
01746 0218558949 0 0 0 0 0
01747 -606925786 0 0 0 0 0
01748 0285082656 0 0 0 0 0
01749 0485876484 0 0 0 0 0
01750 -520091932 0 0 0 0 0
01751 0169934338 0 0 0 0 0
01752 -722661621 0 0 0 0 0
01753 0119083716 0 0 0 0 0
01754 -755095043 0 0 0 0 0
01755 -639360745 0 0 0 0 0
01756 0017947922 0 0 0 0 0
01757 -451937016 0 0 0 0 0
01758 -52293627 0 0 0 0 0
01759 0485825287 0 0 0 0 0
01760 0537323748 0 0 0 0 0
01761 0515952423 0 0 0 0 0
01762 -35260614 0 0 0 0 0
01763 0670888409 0 0 0 0 0
01764 -318709253 0 0 0 0 0
01765 -333240810 0 0 0 0 0
01766 0101322172 0 0 0 0 0
01767 0469956854 0 0 0 0 0
01768 -691928028 0 0 0 0 0
01769 -789895403 0 0 0 0 0
01770 0217379846 0 0 0 0 0
01771 0554107653 0 0 0 0 0
01772 0298844188 0 0 0 0 0
01773 0751562730 0 0 0 0 0
01774 0789902817 0 0 0 0 0
01775 0048762900 0 0 0 0 0
01776 -1425277940 0 0 0 0 0
01777 0438443478 0 0 0 0 0
01778 -706535694 0 0 0 0 0
01779 0269739819 0 0 0 0 0
01780 0517857562 0 0 0 0 0
01781 -602348548 0 0 0 0 0
01782 -368899347 0 0 0 0 0
01783 -587517412 0 0 0 0 0
01784 -253095922 0 0 0 0 0
01785 -451605519 0 0 0 0 0
01786 1428026327 0 0 0 0 0
01787 -234825736 0 0 0 0 0
01788 -182203913 0 0 0 0 0
01789 -52488654 0 0 0 0 0
01790 -217760559 0 0 0 0 0
01791 -318827540 0 0 0 0 0
01792 0099224044 0 0 0 0 0
01793 -118947305 0 0 0 0 0
01794 -251130885 0 0 0 0 0
01795 -219671263 0 0 0 0 0
01796 -285480184 0 0 0 0 0
01797 0418449165 0 0 0 0 0
01798 -283765797 0 0 0 0 0
01799 -553521384 0 0 0 0 0
01800 -233045988 0 0 0 0 0
01801 0300276976 0 0 0 0 0
01802 -253427699 0 0 0 0 0
01803 -116770300 0 0 0 0 0
01804 0235799550 0 0 0 0 0
01805 -315496522 0 0 0 0 0
01806 0200336910 0 0 0 0 0
01807 -537782257 0 0 0 0 0
01808 0254994422 0 0 0 0 0
01809 -146993193 0 0 0 0 0
01810 0285599442 0 0 0 0 0
01811 -233107750 0 0 0 0 0
01812 -453568013 0 0 0 0 0
01813 -555669719 0 0 0 0 0
01814 0688774379 0 0 0 0 0
01815 -267113483 0 0 0 0 0
01816 -1023931668 0 0 0 0 0
01817 0317525740 0 0 0 0 0
01818 -566890974 0 0 0 0 0
01819 -522322640 0 0 0 0 0
01820 0064219430 0 0 0 0 0
01821 0724771298 0 0 0 0 0
01822 0149744604 0 0 0 0 0
01823 -335740651 0 0 0 0 0
01824 -217319941 0 0 0 0 0
01825 -687401465 0 0 0 0 0
01826 0247785752 0 0 0 0 0
01827 0055445996 0 0 0 0 0
01828 0186636252 0 0 0 0 0
01829 -200221424 0 0 0 0 0
01830 -33674790 0 0 0 0 0
01831 0519511272 0 0 0 0 0
01832 0200802264 0 0 0 0 0
01833 -567671828 0 0 0 0 0
01834 -439871978 0 0 0 0 0
01835 0001903915 0 0 0 0 0
01836 -336931095 0 0 0 0 0
01837 -315485422 0 0 0 0 0
01838 -552336137 0 0 0 0 0
01839 0400363770 0 0 0 0 0
01840 -247406347 0 0 0 0 0
01841 -503702312 0 0 0 0 0
01842 -286259937 0 0 0 0 0
01843 -117770749 0 0 0 0 0
01844 -624944063 0 0 0 0 0
01845 0586877981 0 0 0 0 0
01846 -469964555 0 0 0 0 0
01847 0401079845 0 0 0 0 0
01848 0472699385 0 0 0 0 0
01849 0248966391 0 0 0 0 0
01850 -52357098 0 0 0 0 0
01851 0922874591 0 0 0 0 0
01852 -1126560475 0 0 0 0 0
01853 0369696765 0 0 0 0 0
01854 0337305050 0 0 0 0 0
01855 -556263150 0 0 0 0 0
01856 0068686070 0 0 0 0 0
01857 0198836463 0 0 0 0 0
01858 0134014249 0 0 0 0 0
01859 -384175357 0 0 0 0 0
01860 0370870496 0 0 0 0 0
01861 0066384612 0 0 0 0 0
01862 -785700889 0 0 0 0 0
01863 0218492163 0 0 0 0 0
01864 0453636879 0 0 0 0 0
01865 -34215196 0 0 0 0 0
01866 0655868678 0 0 0 0 0
01867 0604370670 0 0 0 0 0
01868 -137235689 0 0 0 0 0
01869 0533919997 0 0 0 0 0
01870 -569840599 0 0 0 0 0
01871 0285939184 0 0 0 0 0
01872 -555544816 0 0 0 0 0
01873 0520421628 0 0 0 0 0
01874 0519628801 0 0 0 0 0
01875 0349568007 0 0 0 0 0
01876 -113513228 0 0 0 0 0
01877 0651811307 0 0 0 0 0
01878 -1122547964 0 0 0 0 0
01879 0504032228 0 0 0 0 0
01880 0284610818 0 0 0 0 0
01881 -820579022 0 0 0 0 0
01882 0570037442 0 0 0 0 0
01883 0036640470 0 0 0 0 0
01884 0452058867 0 0 0 0 0
01885 0589627624 0 0 0 0 0
01886 0200009707 0 0 0 0 0
01887 0201921523 0 0 0 0 0
01888 0231798014 0 0 0 0 0
01889 0136767494 0 0 0 0 0
01890 0064944152 0 0 0 0 0
01891 0401991390 0 0 0 0 0
01892 -385545441 0 0 0 0 0
01893 0216280051 0 0 0 0 0
01894 0752739067 0 0 0 0 0
01895 -170464211 0 0 0 0 0
01896 0485822694 0 0 0 0 0
01897 0169668090 0 0 0 0 0
01898 0622712823 0 0 0 0 0
01899 -552468477 0 0 0 0 0
01900 -187173896 0 0 0 0 0
01901 1159262732 0 0 0 0 0
01902 -267787272 0 0 0 0 0
01903 -267970843 0 0 0 0 0
01904 -653713955 0 0 0 0 0
01905 0487386400 0 0 0 0 0
01906 0001568257 0 0 0 0 0
01907 0417719776 0 0 0 0 0
01908 0618001690 0 0 0 0 0
01909 0033157402 0 0 0 0 0
01910 0064878080 0 0 0 0 0
01911 -83945949 0 0 0 0 0
01912 0117962181 0 0 0 0 0
01913 0250554900 0 0 0 0 0
01914 0402841549 0 0 0 0 0
01915 0299308575 0 0 0 0 0
01916 0036174335 0 0 0 0 0
01917 0014616260 0 0 0 0 0
01918 0786110729 0 0 0 0 0
01919 0922602456 0 0 0 0 0
01920 -150470123 0 0 0 0 0
01921 0050265339 0 0 0 0 0
01922 -33950991 0 0 0 0 0
01923 0622787825 0 0 0 0 0
01924 0349432325 0 0 0 0 0
01925 0350345000 0 0 0 0 0
01926 -270402783 0 0 0 0 0
01927 0619196666 0 0 0 0 0
01928 -100730391 0 0 0 0 0
01929 -131341075 0 0 0 0 0
01930 0671671063 0 0 0 0 0
01931 -267124297 0 0 0 0 0
01932 -68023798 0 0 0 0 0
01933 0236705817 0 0 0 0 0
01934 -66131220 0 0 0 0 0
01935 0301864434 0 0 0 0 0
01936 -803206409 0 0 0 0 0
01937 -281940247 0 0 0 0 0
01938 -372301823 0 0 0 0 0
01939 0487926471 0 0 0 0 0
01940 0369482983 0 0 0 0 0
01941 0066265610 0 0 0 0 0
01942 -98176273 0 0 0 0 0
01943 -135015952 0 0 0 0 0
01944 -253023717 0 0 0 0 0
01945 -534834690 0 0 0 0 0
01946 -131275288 0 0 0 0 0
01947 00-784125 0 0 0 0 0
01948 0202567657 0 0 0 0 0
01949 0554376170 0 0 0 0 0
01950 -183382808 0 0 0 0 0
01951 1142487790 0 0 0 0 0
01952 0013294056 0 0 0 0 0
01953 0755105037 0 0 0 0 0
01954 -302054122 0 0 0 0 0
01955 -874055417 0 0 0 0 0
01956 0489889769 0 0 0 0 0
01957 0266713857 0 0 0 0 0
01958 -132249089 0 0 0 0 0
01959 0082124020 0 0 0 0 0
01960 -1007088873 0 0 0 0 0
01961 -266999025 0 0 0 0 0
01962 -891938756 0 0 0 0 0
01963 -452906247 0 0 0 0 0
01964 0652807149 0 0 0 0 0
01965 -1058989545 0 0 0 0 0
01966 -66575870 0 0 0 0 0
01967 0199824117 0 0 0 0 0
01968 -135003918 0 0 0 0 0
01969 0085395959 0 0 0 0 0
01970 -587138586 0 0 0 0 0
01971 -1289606384 0 0 0 0 0
01972 0420144645 0 0 0 0 0
01973 0053802447 0 0 0 0 0
01974 -887940359 0 0 0 0 0
01975 0186512876 0 0 0 0 0
01976 0067494654 0 0 0 0 0
01977 -637266938 0 0 0 0 0
01978 0435686116 0 0 0 0 0
01979 -236324613 0 0 0 0 0
01980 -148038649 0 0 0 0 0
01981 0738121700 0 0 0 0 0
01982 -554696191 0 0 0 0 0
01983 1025575631 0 0 0 0 0
01984 -639241448 0 0 0 0 0
01985 -302704122 0 0 0 0 0
01986 -251393534 0 0 0 0 0
01987 0385025556 0 0 0 0 0
01988 -370480636 0 0 0 0 0
01989 0120925139 0 0 0 0 0
01990 -202580475 0 0 0 0 0
01991 -69124611 0 0 0 0 0
01992 0621534462 0 0 0 0 0
01993 -35919856 0 0 0 0 0
01994 -250216183 0 0 0 0 0
01995 0063501571 0 0 0 0 0
01996 0354294529 0 0 0 0 0
01997 1222759930 0 0 0 0 0
01998 -286922237 0 0 0 0 0
01999 -198640371 0 0 0 0 0
02000 0419483391 0 0 0 0 0
02001 -417526296 0 0 0 0 0
02002 0119210983 0 0 0 0 0
02003 0502002943 0 0 0 0 0
02004 -136383212 0 0 0 0 0
02005 0787747329 0 0 0 0 0
02006 -827189762 0 0 0 0 0
02007 1008014103 0 0 0 0 0
02008 -401617165 0 0 0 0 0
02009 -467600918 0 0 0 0 0
02010 -636933622 0 0 0 0 0
02011 -202176500 0 0 0 0 0
02012 0401997822 0 0 0 0 0
02013 -269293082 0 0 0 0 0
02014 -419161320 0 0 0 0 0
02015 0902636285 0 0 0 0 0
02016 -204024795 0 0 0 0 0
02017 0402727929 0 0 0 0 0
02018 -103364607 0 0 0 0 0
02019 -537054677 0 0 0 0 0
02020 -218894580 0 0 0 0 0
02021 0100083200 0 0 0 0 0
02022 0321515518 0 0 0 0 0
02023 -184496663 0 0 0 0 0
02024 0602411028 0 0 0 0 0
02025 0086373367 0 0 0 0 0
02026 -371844907 0 0 0 0 0
02027 -284877077 0 0 0 0 0
02028 0168165379 0 0 0 0 0
02029 0707256041 0 0 0 0 0
02030 0601545238 0 0 0 0 0
02031 -521472773 0 0 0 0 0
02032 0386150146 0 0 0 0 0
02033 0902485261 0 0 0 0 0
02034 0083227649 0 0 0 0 0
02035 -1073345803 0 0 0 0 0
02036 0170399745 0 0 0 0 0
02037 -503708680 0 0 0 0 0
02038 0234102005 0 0 0 0 0
02039 -1277546992 0 0 0 0 0
02040 -283046153 0 0 0 0 0
02041 0149817842 0 0 0 0 0
02042 -132191465 0 0 0 0 0
02043 0119333084 0 0 0 0 0
02044 0316857638 0 0 0 0 0
02045 -18348274 0 0 0 0 0
02046 0855498256 0 0 0 0 0
02047 -338098908 0 0 0 0 0
  0 0 0 0 0
